24.8
24.8
24.83
24.85
24.83
24.81
24.83
24.84
24.89
24.81
24.86
24.77
24.91
24.91
24.87
24.88
24.8
24.85
24.8
24.84
24.83
24.91
24.81
24.83
24.85
24.83
24.8
24.85
24.84
24.83
24.95
24.95
24.91
24.93
24.87
24.97
25.02
24.99
24.97
25.15
25.17
25.12
25.33
25.39
25.45
25.54
25.66
25.79
25.88
26.08
26.12
26.27
26.45
26.48
26.78
26.87
26.96
27.14
27.27
27.42
27.56
27.78
27.91
28.02
28.27
28.36
28.48
28.6
28.71
28.95
29.05
29.28
29.36
29.52
29.63
29.77
29.88
30.04
30.28
30.33
30.48
30.59
30.73
30.88
30.91
31.12
31.31
31.3
31.48
31.55
31.69
31.95
31.96
32.11
32.24
32.31
32.36
32.48
32.67
32.67
32.85
32.99
33.05
33.19
33.28
33.46
33.5
33.59
33.71
33.73
33.89
33.98
34.09
34.14
34.25
34.42
34.43
34.54
34.68
34.76
34.84
34.97
35.06
35.08
35.27
35.35
35.37
35.51
35.57
35.65
35.76
35.82
35.93
35.98
36.07
36.19
36.27
36.44
36.41
36.49
36.62
36.74
36.7
36.8
36.95
36.95
37.15
37.11
37.28
37.3
37.43
37.46
37.63
37.68
37.65
37.76
37.92
37.97
38.08
38.2
38.22
38.34
38.36
38.51
38.52
38.58
38.63
38.71
38.87
38.95
39.01
39.08
39.12
39.26
39.3
39.35
39.48
39.53
39.55
39.66
39.8
39.78
39.85
39.97
40.05
40.21
40.23
40.34
40.41
40.43
40.5
40.55
40.64
40.7
40.75
40.84
40.91
40.96
41.05
41.16
41.28
41.3
41.37
41.48
41.5
41.55
41.66
41.73
41.85
41.93
41.98
42.0
42.05
42.2
42.3
42.3
42.5
42.51
42.55
42.64
42.64
42.82
42.87
42.98
43.02
43.15
43.23
43.26
43.33
43.37
43.46
43.52
43.64
43.64
43.76
43.8
43.91
43.94
43.94
44.12
44.12
44.22
44.29
44.38
44.45
44.45
44.58
44.67
44.73
44.75
44.83
44.92
44.93
45.1
45.16
45.17
45.28
45.34
45.44
45.46
45.59
45.62
45.71
45.82
45.78
45.95
45.95
46.1
46.13
46.13
46.26
46.4
46.48
46.47
46.55
46.66
46.74
46.76
46.8
46.98
46.99
47.09
47.12
47.18
47.25
47.3
47.45
47.54
47.45
47.6
47.65
47.7
47.72
47.87
47.9
47.95
48.05
48.13
48.19
48.26
48.32
48.45
48.46
48.48
48.56
48.69
48.7
48.76
48.8
48.92
49.03
49.16
49.15
49.23
49.29
49.46
49.37
49.46
49.47
49.62
49.69
49.69
49.77
49.84
49.97
50.0
50.09
50.09
50.18
50.23
50.34
50.41
50.45
50.57
50.61
50.7
50.77
50.81
50.89
50.91
50.91
51.07
51.14
51.15
51.19
51.3
51.41
51.52
51.5
51.53
51.69
51.73
51.8
51.89
51.95
52.04
52.11
52.1
52.22
52.27
52.3
52.43
52.5
52.59
52.59
52.67
52.76
52.79
52.86
52.91
53.03
53.1
53.1
53.19
53.23
53.3
53.38
53.39
53.5
53.58
53.6
53.71
53.78
53.82
53.98
53.96
54.01
54.16
54.18
54.2
54.3
54.36
54.36
54.52
54.55
54.59
54.74
54.75
54.81
54.88
54.92
54.95
55.09
55.16
55.23
55.24
55.34
55.4
55.43
55.42
55.43
55.52
55.55
55.5
55.42
55.45
55.41
55.41
55.35
55.27
55.27
55.17
55.1
54.97
54.88
54.82
54.79
54.68
54.65
54.54
54.49
54.41
54.32
54.23
54.13
54.07
53.98
53.84
53.82
53.75
53.63
53.51
53.42
53.37
53.32
53.14
53.15
53.1
52.93
52.92
52.86
52.7
52.63
52.63
52.53
52.56
52.47
52.36
52.25
52.22
52.22
52.06
52.06
52.05
51.99
51.82
51.87
51.78
51.73
51.73
51.62
51.66
51.6
51.52
51.48
51.43
51.4
51.3
51.34
51.23
51.27
51.23
51.32
51.15
51.03
51.12
50.98
51.02
50.96
50.92
50.9
50.9
50.88
50.85
50.75
50.75
50.7
50.77
50.68
50.63
50.61
50.55
50.61
50.57
50.47
50.47
50.47
50.38
50.38
50.41
50.38
50.24
50.34
50.31
50.3
50.29
50.24
50.2
50.17
50.23
50.17
50.02
50.07
50.02
50.05
50.05
50.09
49.95
49.98
49.95
49.89
49.89
49.87
49.84
49.88
49.84
49.87
49.77
49.76
49.74
49.7
49.7
49.71
49.76
49.65
49.72
49.6
49.64
49.62
49.59
49.57
49.51
49.54
49.62
49.49
49.48
49.51
49.44
49.48
49.45
49.39
49.41
49.44
49.3
49.33
49.37
49.31
49.28
49.26
49.22
49.29
49.27
49.28
49.2
49.23
49.26
49.16
49.19
49.13
49.2
49.05
49.1
49.06
49.13
49.05
49.14
49.13
48.96
48.98
48.99
48.98
49.02
48.95
48.98
48.88
48.97
48.91
48.86
48.85
48.88
48.79
48.88
48.88
48.81
48.8
48.73
48.77
48.72
48.71
48.76
48.68
48.74
48.68
48.66
48.71
48.66
48.66
48.61
48.5
48.63
48.61
48.55
48.61
48.53
48.52
48.5
48.48
48.57
48.48
48.45
48.51
48.51
48.44
48.38
48.44
48.41
48.45
48.44
48.34
48.38
48.39
48.37
48.39
48.3
48.27
48.23
48.26
48.32
48.23
48.26
48.21
48.21
48.16
48.13
48.1
48.19
48.12
48.2
48.05
48.12
48.14
48.05
48.08
48.02
48.05
48.05
48.03
47.95
48.1
48.02
47.98
48.03
47.91
48.01
47.93
47.91
47.89
47.87
47.89
47.87
47.88
47.88
47.84
47.8
47.88
47.9
47.87
47.78
47.8
47.77
47.73
47.8
47.7
47.78
47.7
47.78
47.73
47.67
47.72
47.72
47.66
47.61
47.61
47.65
47.6
47.66
47.56
47.63
47.6
47.57
47.6
47.52
47.47
47.59
47.43
47.5
47.5
47.43
47.41
47.42
47.52
47.45
47.41
47.43
47.37
47.27
47.34
47.42
47.34
47.3
47.31
47.36
47.38
47.29
47.37
47.32
47.29
47.25
47.27
47.27
47.25
47.29
47.23
47.27
47.27
47.2
47.36
47.2
47.24
47.12
47.14
47.16
47.16
47.14
47.2
47.16
47.12
47.09
47.09
47.06
47.09
47.07
47.02
46.99
47.02
46.99
46.98
46.95
47.0
46.94
47.02
46.91
46.89
46.94
46.91
46.79
46.93
46.77
46.82
46.88
46.87
46.79
46.87
46.84
46.79
46.69
46.76
46.77
46.77
46.76
46.84
46.73
46.8
46.76
46.77
46.69
46.71
46.73
46.73
46.69
46.72
46.7
46.69
46.66
46.58
46.69
46.63
46.6
46.63
46.61
46.61
46.65
46.6
46.55
46.56
46.54
46.51
46.55
46.52
46.55
46.55
46.53
46.51
46.46
46.48
46.42
46.43
46.52
46.49
46.46
46.53
46.45
46.48
46.48
46.4
46.13
45.95
45.95
45.99
45.99
45.88
45.97
45.92
45.93
45.91
45.88
45.91
45.85
45.91
45.84
45.88
45.85
45.91
45.78
45.82
45.73
45.77
45.71
45.78
45.72
45.78
45.72
45.65
45.72
45.7
45.65
45.69
45.59
45.65
45.59
45.58
45.59
45.6
45.53
45.52
45.59
45.59
45.49
45.51
45.49
45.52
45.47
45.45
45.52
45.52
45.42
45.51
45.44
45.46
45.48
45.39
45.45
45.52
45.46
45.45
45.4
45.47
45.46
45.4
45.47
45.46
45.44
45.42
45.45
45.42
45.47
45.45
45.45
45.44
45.49
45.38
45.42
45.39
45.47
45.52
45.49
45.51
45.47
45.47
45.45
45.52
45.48
45.52
45.59
45.48
45.54
45.48
45.51
45.49
45.58
45.65
45.55
45.52
45.57
45.65
45.64
45.65
45.62
45.7
45.64
45.63
45.69
45.64
45.72
45.7
45.71
45.7
45.7
45.74
45.76
45.74
45.8
45.8
45.82
45.84
45.82
45.81
45.92
45.91
45.92
45.95
45.91
46.02
45.95
46.0
46.02
45.95
46.09
46.08
46.13
46.08
46.13
46.11
46.08
46.15
46.06
46.18
46.11
46.18
46.16
46.23
46.17
46.17
46.23
46.26
46.23
46.24
46.26
46.33
46.24
46.29
46.33
46.33
46.36
46.27
46.29
46.38
46.35
46.35
46.35
46.43
46.4
46.43
46.42
46.46
46.41
46.49
46.48
46.52
46.41
46.55
46.49
46.55
46.59
46.53
46.54
46.61
46.63
46.6
46.66
46.69
46.69
46.67
46.66
46.63
46.74
46.76
46.7
46.74
46.8
46.76
46.71
46.73
46.77
46.8
46.8
46.81
46.76
46.87
46.84
46.88
46.91
46.88
46.89
46.84
46.95
46.99
46.93
46.96
47.05
46.99
46.91
47.02
47.07
46.99
46.95
47.13
47.09
47.04
47.07
47.07
47.12
47.12
47.07
47.12
47.16
47.14
47.23
47.24
47.23
47.16
47.2
47.23
47.22
47.3
47.25
47.3
47.27
47.34
47.37
47.36
47.34
47.29
47.34
47.34
47.32
47.31
47.27
47.37
47.37
47.31
47.31
47.34
47.34
47.32
47.38
47.38
47.4
47.41
47.41
47.37
47.34
47.38
47.37
47.31
47.38
47.49
47.42
47.45
47.38
47.45
47.45
47.45
47.41
47.34
47.45
47.45
47.45
47.45
47.52
47.52
47.45
47.52
47.55
47.54
47.5
47.5
47.59
47.54
47.67
47.52
47.6
47.56
47.59
47.63
47.65
47.67
47.61
47.66
47.7
47.63
47.7
47.67
47.67
47.78
47.73
47.7
47.67
47.7
47.76
47.73
47.68
47.78
47.63
47.7
47.7
47.73
47.76
47.72
47.75
47.7
47.72
47.7
47.73
47.72
47.76
47.73
47.75
47.68
47.7
47.67
47.7
47.72
47.73
47.72
47.73
47.67
47.73
47.65
47.75
47.67
47.73
47.66
47.63
47.61
47.67
47.63
47.55
47.59
47.6
47.63
47.6
47.57
47.55
47.6
47.5
47.63
47.56
47.6
47.55
47.52
47.59
47.48
47.49
47.52
47.52
47.48
47.5
47.48
47.52
47.59
47.47
47.45
47.54
47.48
47.52
47.52
47.47
47.43
47.38
47.36
47.43
47.45
47.5
47.41
47.47
47.42
47.4
47.38
47.43
47.43
47.37
47.36
47.37
47.34
47.4
47.25
47.34
47.34
47.38
47.3
47.4
47.31
47.27
47.29
47.31
47.27
47.27
47.25
47.3
47.29
47.34
47.23
47.27
47.3
47.24
47.2
47.2
47.2
47.22
47.27
47.27
47.23
47.2
47.13
47.2
47.2
47.2
47.22
47.16
47.22
47.11
47.16
47.13
47.07
47.12
47.16
47.06
47.13
47.13
47.09
47.07
47.11
47.09
47.02
47.09
46.96
47.06
47.02
47.04
46.96
46.99
47.02
46.94
47.02
46.98
46.99
47.02
46.99
46.95
47.02
46.95
46.84
46.98
47.02
46.98
46.94
46.98
46.98
46.95
46.98
46.91
47.02
46.95
46.93
46.98
46.93
46.95
47.04
47.02
47.05
46.95
46.91
46.87
46.93
47.0
46.96
46.95
46.86
46.96
46.93
46.88
47.0
46.96
46.94
46.82
46.91
46.88
46.82
46.93
46.91
46.86
46.94
46.91
46.87
46.88
46.86
46.91
46.87
46.91
46.84
46.86
46.91
46.81
46.91
46.99
46.84
46.84
46.86
46.95
46.82
46.82
46.84
46.93
46.88
46.82
46.88
46.86
46.81
46.86
46.87
46.88
46.79
46.87
46.76
46.82
46.81
46.81
46.84
46.84
46.79
46.82
46.77
46.84
46.82
46.91
46.8
46.88
46.81
46.76
46.86
46.8
46.89
46.82
46.81
46.84
46.79
46.81
46.93
46.87
46.84
46.84
46.88
46.91
46.91
46.86
46.82
46.89
46.87
46.89
46.91
46.93
46.94
46.89
46.96
46.91
46.88
46.91
46.82
46.89
46.99
46.94
46.94
46.86
46.88
46.98
46.87
46.99
46.95
46.94
46.94
46.99
46.96
46.91
46.91
46.91
46.91
46.95
46.96
46.94
47.02
46.96
46.95
46.96
47.0
47.04
47.02
47.07
46.95
46.96
47.11
47.07
47.05
47.07
46.94
47.02
47.0
47.05
47.02
47.0
47.07
47.07
47.06
46.95
47.07
47.09
47.07
47.02
47.02
47.11
47.07
47.12
47.13
47.13
47.13
46.96
47.07
47.13
47.07
47.09
47.09
47.13
47.14
47.13
47.13
47.11
47.14
47.12
47.07
47.16
47.14
47.2
47.07
47.16
47.16
47.22
47.13
47.02
47.16
47.16
47.11
47.09
47.16
47.07
47.16
47.04
47.16
47.16
47.13
47.07
47.11
47.09
47.16
47.12
47.13
47.09
47.12
47.13
47.13
47.16
47.12
47.12
47.05
47.07
47.11
47.09
47.12
47.07
47.07
47.12
47.09
47.06
47.12
47.07
47.12
47.12
47.11
47.06
47.13
47.16
47.11
47.13
47.09
47.06
47.13
47.09
47.06
47.09
47.12
47.04
47.09
47.06
47.07
47.11
47.02
47.09
47.07
47.12
47.05
47.12
47.13
47.07
47.09
47.09
47.02
47.07
47.07
47.11
47.07
47.05
47.16
47.02
46.99
47.09
47.05
47.09
47.02
47.02
47.13
47.02
47.02
47.06
47.0
47.07
47.09
47.07
47.2
47.16
47.11
47.06
47.09
47.05
47.02
47.04
47.09
47.04
47.12
47.05
47.02
47.09
47.06
47.04
47.14
47.02
47.05
47.02
47.13
47.06
46.99
47.11
47.09
46.98
47.02
47.14
47.12
47.11
47.04
47.04
47.06
47.02
46.99
47.04
47.02
47.02
47.0
46.99
47.04
47.06
46.98
47.06
47.02
47.05
47.02
47.05
47.02
47.06
47.06
47.04
47.09
47.11
47.07
47.07
47.04
47.04
47.02
47.04
47.11
47.06
47.02
47.09
47.13
47.06
47.06
47.09
47.09
47.09
47.11
47.16
47.05
47.12
47.11
47.09
47.09
47.09
47.02
47.05
47.06
47.09
47.16
47.16
47.07
47.13
47.16
47.09
47.09
47.14
47.13
47.12
47.2
47.09
47.11
47.09
47.13
47.2
47.06
47.27
47.11
47.11
47.18
47.14
47.12
47.13
47.09
47.23
47.02
47.07
47.12
47.16
47.13
47.06
47.09
47.09
47.06
47.09
47.09
47.2
47.06
47.09
47.09
47.11
47.06
47.14
47.06
47.09
47.06
47.04
47.09
47.05
47.06
47.06
47.09
47.04
47.05
47.04
47.09
47.09
47.06
47.09
47.05
47.06
47.07
47.04
47.09
47.16
47.05
47.02
47.09
47.04
47.09
47.06
47.06
47.04
47.07
47.09
47.05
47.05
47.06
47.02
47.12
47.16
47.12
47.09
47.12
47.09
47.0
47.04
47.09
46.98
47.04
47.09
47.02
47.05
47.12
47.13
47.05
47.04
47.07
47.09
47.05
47.05
47.07
47.04
47.05
47.04
47.06
47.12
47.04
47.09
47.07
47.09
47.09
47.13
47.09
47.09
47.07
47.07
47.09
47.06
47.14
47.09
47.06
47.11
47.07
47.04
47.09
47.02
47.09
47.12
47.09
47.04
47.06
47.06
47.14
47.11
47.16
47.11
47.0
47.09
47.09
47.09
47.13
47.07
47.06
47.09
47.06
47.0
47.12
47.11
47.12
47.07
47.09
47.09
47.09
47.09
47.12
47.04
47.02
47.04
47.06
47.02
47.02
47.0
47.0
47.07
47.09
47.05
47.05
47.09
47.06
47.02
47.07
47.06
46.98
47.0
47.07
47.05
47.04
47.0
47.06
47.02
47.04
47.06
47.04
47.02
47.06
47.04
47.04
47.14
47.06
47.0
46.98
47.02
47.09
47.04
46.95
47.0
47.04
46.91
47.07
47.11
47.05
47.02
47.02
47.0
47.0
47.0
47.02
47.02
46.99
46.94
46.93
47.02
46.99
47.0
47.04
46.98
47.04
47.02
47.02
47.04
47.05
47.02
46.93
47.0
46.96
47.02
46.94
46.94
46.98
46.98
46.95
47.0
47.02
46.91
46.98
46.95
46.89
47.04
46.95
46.94
46.94
46.95
46.91
46.94
46.91
47.02
46.84
46.93
46.88
46.93
46.93
46.89
46.88
46.91
46.93
46.88
46.89
46.89
46.89
46.88
46.91
46.93
46.91
46.8
46.88
46.87
46.88
46.88
46.86
46.88
46.93
46.86
46.8
46.98
46.91
46.89
46.89
46.86
46.86
46.82
46.88
46.86
46.91
46.84
46.84
46.87
46.89
46.87
46.91
46.91
46.89
46.87
46.93
46.87
46.91
46.91
46.91
46.87
46.86
46.87
46.86
46.95
46.93
46.93
46.88
46.98
46.91
46.99
46.91
46.89
46.96
46.94
46.93
46.8
46.94
46.93
47.0
46.91
46.94
46.96
46.87
46.91
46.91
46.94
46.99
46.89
46.86
46.95
46.91
46.87
46.91
46.88
46.88
46.93
46.95
46.95
46.89
46.94
46.87
46.91
46.91
46.94
46.93
46.95
46.94
46.91
46.89
46.95
46.93
46.94
46.96
46.91
46.86
46.88
46.88
46.94
46.88
46.95
46.88
46.98
46.93
46.89
46.89
46.95
46.93
46.94
46.89
46.87
46.91
46.99
46.87
46.88
46.98
46.91
46.91
46.91
46.93
46.96
46.84
46.94
47.0
46.89
46.88
46.84
46.93
46.88
47.02
46.91
46.91
46.89
46.94
46.88
46.86
46.91
46.91
46.82
46.84
46.91
46.89
46.91
46.84
46.94
46.93
46.87
46.87
46.91
46.84
46.86
46.82
46.87
46.84
46.84
46.88
46.87
46.88
46.88
46.99
46.91
46.91
46.98
46.84
46.86
46.91
46.89
46.91
46.93
46.89
46.91
46.91
46.89
46.86
46.88
46.89
46.91
46.87
46.86
46.95
46.98
46.89
46.84
46.91
46.96
46.93
46.98
46.94
46.98
46.87
47.02
46.98
46.96
46.91
47.09
47.0
46.95
46.95
47.05
46.95
46.96
47.0
47.0
46.98
46.95
46.99
47.02
46.98
46.93
47.02
47.0
47.05
46.94
47.02
47.02
47.0
46.96
47.05
47.0
47.04
47.02
46.99
47.09
47.06
47.0
47.0
47.02
46.99
46.98
46.96
47.04
46.99
47.02
47.04
47.0
46.98
46.91
47.02
47.0
46.99
47.02
47.0
47.0
46.96
46.93
47.05
47.02
47.04
47.0
47.0
47.05
47.05
46.91
47.0
46.98
47.05
46.95
47.02
47.06
47.04
46.98
47.02
47.09
47.06
47.05
47.11
47.04
47.06
47.13
47.02
47.0
47.05
47.11
47.05
46.96
47.02
47.05
47.09
47.0
47.06
47.05
47.09
47.09
47.12
47.09
47.07
47.09
47.04
47.09
47.02
46.98
47.05
47.06
47.02
47.11
47.05
47.09
47.11
47.07
47.0
47.0
47.09
47.07
47.02
47.07
47.09
47.05
47.02
47.05
47.14
47.0
47.02
47.04
47.09
47.02
47.05
46.96
47.14
47.05
47.02
47.09
47.04
47.11
47.16
47.09
47.06
47.09
47.09
47.02
47.06
47.05
47.06
47.05
47.07
47.04
47.07
47.0
47.05
47.04
47.07
47.06
47.05
47.04
47.06
47.02
47.06
47.09
47.12
47.02
47.05
47.05
47.02
46.95
47.06
47.05
47.02
47.02
47.02
47.06
47.04
47.06
46.89
47.02
47.02
47.05
46.99
47.05
46.96
47.05
46.98
47.0
47.02
47.0
47.05
47.06
47.0
47.0
47.07
47.06
47.0
47.05
47.07
47.04
47.02
47.04
47.04
47.04
47.02
47.02
47.05
46.96
47.05
47.09
47.05
46.99
47.02
47.04
47.06
47.02
46.96
47.06
47.04
47.04
46.96
46.96
46.96
47.02
47.02
47.14
46.98
47.07
47.02
47.02
47.06
47.05
47.11
47.0
47.11
47.05
47.11
47.09
47.12
47.09
47.16
47.02
47.09
47.04
47.04
47.04
46.99
47.11
47.06
47.07
47.05
47.04
47.07
47.11
47.02
47.02
47.02
46.98
47.07
47.02
47.02
46.94
47.07
46.96
47.02
47.06
47.0
47.04
47.09
47.04
47.04
47.07
46.96
47.09
47.04
46.98
47.04
47.0
47.09
47.05
47.06
46.98
47.02
47.06
47.02
47.0
47.02
47.09
47.07
47.02
46.95
46.95
47.02
47.04
47.07
47.06
47.07
47.06
47.04
47.04
47.02
47.0
47.04
47.07
47.09
47.02
47.02
47.04
47.02
46.96
46.99
47.06
47.0
47.04
47.05
46.98
47.07
46.96
47.02
47.07
47.02
47.02
47.06
47.04
47.02
47.11
47.09
47.04
47.04
47.02
47.04
47.12
47.02
47.16
47.02
46.96
47.06
47.06
47.02
47.06
47.05
47.04
47.04
47.07
47.04
47.05
47.09
46.94
47.04
47.0
47.11
47.02
47.06
47.0
47.02
46.93
47.02
47.05
47.07
46.91
47.0
46.96
46.98
47.09
47.04
47.06
46.98
47.02
46.96
46.99
47.02
46.98
46.99
47.02
47.04
46.94
46.99
46.95
46.99
47.07
46.99
46.98
47.11
47.06
47.02
47.04
47.07
47.02
47.0
47.11
47.05
47.0
47.02
47.02
47.11
47.12
47.06
47.02
47.02
47.09
46.98
47.04
47.02
47.05
47.0
47.02
47.09
46.99
47.06
46.99
47.06
47.11
47.04
47.04
47.11
47.05
47.02
47.09
47.14
47.07
47.09
47.04
47.07
47.02
47.05
47.09
47.07
47.02
47.11
47.13
47.13
47.04
47.04
47.04
47.05
47.09
47.14
47.02
47.02
46.98
47.02
46.96
46.99
47.02
47.02
47.02
47.02
46.95
46.98
46.95
47.02
47.05
47.04
47.02
46.95
46.91
46.96
46.98
46.98
46.98
46.91
47.02
46.91
46.91
47.0
46.99
46.91
46.98
47.02
46.98
46.94
46.94
47.02
47.04
46.98
46.94
46.95
47.02
46.91
47.0
46.91
46.98
46.98
46.84
46.94
47.0
46.99
46.93
46.93
46.95
46.88
46.91
46.93
46.91
46.95
46.91
46.95
46.99
46.91
46.88
46.89
46.91
46.96
46.95
46.89
46.98
46.98
46.96
47.0
47.05
46.98
47.02
46.93
46.96
46.89
47.02
46.95
46.98
47.02
46.95
46.98
46.98
46.96
46.95
46.98
46.98
46.95
46.96
46.94
46.98
46.95
47.04
46.94
46.95
46.98
46.88
46.98
47.05
46.94
47.02
46.91
46.91
46.99
47.02
46.93
47.05
46.98
46.98
47.02
46.94
47.02
46.91
46.95
46.99
46.95
46.96
46.98
46.88
46.99
47.02
46.94
46.96
46.99
46.94
47.0
47.0
46.91
47.04
46.94
46.88
46.94
46.98
46.99
47.02
46.93
46.96
46.99
46.99
46.96
46.96
47.04
46.98
46.95
46.96
46.94
47.02
47.06
46.98
46.94
47.0
46.96
47.02
46.98
47.05
46.93
46.98
47.04
46.94
46.94
46.96
46.95
47.05
46.96
46.94
46.99
46.96
46.96
46.98
46.94
46.98
46.96
46.94
46.98
46.93
46.91
46.89
46.93
46.95
46.95
46.93
46.91
47.0
46.94
46.94
46.99
46.99
46.95
46.95
46.98
47.02
47.02
46.95
46.94
46.91
47.05
47.02
47.02
47.02
47.05
46.95
47.0
46.99
46.95
46.86
46.99
47.02
46.96
47.0
46.94
46.94
46.99
46.91
46.94
47.02
46.91
47.02
46.96
46.94
47.05
47.05
47.04
47.04
47.05
46.96
47.02
47.0
47.06
47.07
47.09
47.0
47.07
47.12
47.06
46.99
47.04
47.0
46.98
47.02
47.07
47.06
46.98
46.98
47.09
47.04
47.09
47.05
47.06
47.04
47.05
47.09
47.04
47.09
47.07
47.02
47.06
47.07
47.0
47.02
47.05
47.09
47.04
47.06
47.0
47.06
47.09
47.02
47.02
47.02
47.09
47.11
47.02
47.06
47.09
47.02
47.09
47.09
47.11
47.09
47.06
47.04
47.09
47.16
47.12
47.07
47.05
47.05
47.05
47.02
47.06
47.11
47.04
47.0
46.98
47.02
47.02
47.02
47.02
47.02
46.98
47.02
47.04
47.04
47.05
47.09
47.02
47.09
46.98
47.02
47.09
46.96
47.09
47.0
46.98
47.02
47.05
47.0
46.98
47.0
47.06
47.04
47.0
47.06
46.99
47.02
47.05
47.02
46.98
47.02
47.04
47.02
47.0
46.91
47.02
46.95
47.0
46.94
47.02
46.98
47.05
47.11
46.91
46.98
47.06
47.04
46.98
47.05
46.98
47.02
47.04
47.04
47.0
46.91
47.02
47.04
47.02
47.06
46.95
47.06
47.05
47.02
47.04
47.02
47.05
47.06
46.98
47.02
47.04
47.06
46.99
47.09
46.98
47.0
47.06
47.0
47.05
47.06
47.14
47.11
47.02
47.02
47.07
46.91
46.96
47.04
47.11
46.96
47.02
47.02
47.02
47.0
47.0
47.05
47.06
46.94
46.98
46.98
46.99
47.0
46.96
47.0
47.0
46.95
46.95
46.96
46.98
46.98
46.93
47.0
46.93
47.02
46.95
46.98
46.98
47.02
47.07
46.93
47.04
46.98
46.93
47.05
46.95
46.93
46.99
46.96
46.91
46.93
47.02
46.96
46.99
46.94
46.98
46.93
46.99
46.94
47.0
46.88
46.99
46.99
46.95
46.98
47.06
47.06
47.11
47.02
47.09
46.96
46.99
47.0
47.06
47.06
47.02
47.0
47.02
46.98
47.04
47.0
46.95
47.05
46.99
46.96
46.99
47.02
47.02
47.02
47.0
47.07
47.11
46.96
47.0
47.02
47.02
46.98
47.06
47.0
47.09
47.02
47.02
47.04
47.06
47.04
47.04
47.0
47.0
47.02
47.02
46.98
47.02
47.04
47.04
46.95
47.09
47.04
47.04
47.09
47.02
47.02
47.06
47.02
47.06
47.06
46.99
47.11
47.0
47.02
47.02
46.94
47.0
47.0
46.98
47.06
47.02
47.02
47.04
47.02
46.98
47.09
46.98
46.98
47.06
47.07
47.0
46.96
47.02
46.98
47.05
47.0
47.09
47.11
47.06
47.07
47.04
47.06
47.05
47.09
47.04
47.06
47.07
47.04
47.09
47.04
47.0
47.06
47.02
47.09
47.06
47.07
47.07
47.07
47.13
47.07
47.02
47.02
47.02
47.02
47.06
47.06
47.09
47.07
47.05
47.06
47.05
47.11
47.02
47.09
47.07
47.12
47.05
47.02
47.09
47.09
46.99
47.02
47.07
47.06
47.0
47.02
47.02
47.06
47.09
47.0
47.05
47.04
47.02
47.02
47.02
47.02
47.04
46.96
47.0
47.02
47.0
46.94
47.0
47.0
46.96
47.07
46.96
46.94
46.98
46.94
47.0
46.94
47.05
46.99
47.05
47.02
47.02
46.87
46.88
46.98
46.91
47.0
46.98
46.93
46.93
46.91
46.91
46.94
46.93
46.94
46.91
46.89
46.91
47.0
46.94
46.98
47.02
47.05
46.93
46.98
46.95
46.96
46.94
46.98
47.0
46.96
46.88
46.91
46.91
46.91
46.95
47.05
46.91
47.0
46.91
46.88
46.98
46.95
46.98
46.96
46.91
46.94
46.93
47.0
46.93
46.98
46.89
46.94
46.98
46.99
46.98
46.96
46.96
46.89
47.02
46.91
47.05
46.99
47.05
47.0
47.0
47.02
46.96
46.99
46.99
46.91
46.96
46.98
46.91
46.95
46.99
47.02
47.02
47.07
47.0
46.98
46.95
46.98
46.99
46.91
46.89
46.98
46.95
46.94
46.95
46.93
46.94
47.02
46.94
46.91
46.91
47.0
46.93
46.96
47.02
46.93
46.94
46.95
47.0
46.88
46.98
46.91
47.0
46.99
46.99
46.89
47.02
47.02
46.96
46.91
46.94
47.09
47.04
46.94
46.94
47.04
46.99
47.0
46.99
47.06
47.04
47.04
46.98
46.91
47.02
47.04
47.07
47.02
47.04
46.94
46.98
47.0
47.07
47.0
47.07
47.02
47.04
47.07
47.02
47.0
47.06
47.05
47.0
47.06
47.04
47.11
46.96
46.95
47.04
47.06
46.91
47.06
47.05
46.99
47.02
47.0
47.06
47.02
46.98
46.95
46.93
47.04
47.05
46.95
46.98
47.07
46.95
46.96
47.07
46.95
47.02
47.02
47.0
47.06
47.09
47.02
46.98
47.06
47.06
47.02
47.04
47.02
46.95
47.02
46.98
47.02
46.98
47.04
47.0
47.0
47.02
46.99
46.99
47.04
47.0
47.02
47.0
47.04
47.0
46.98
46.98
46.99
47.0
47.02
47.0
47.06
47.0
47.04
47.09
46.96
47.04
47.12
47.13
47.13
47.09
47.04
47.09
47.06
47.09
47.02
47.06
47.02
47.09
47.09
47.04
47.04
47.04
47.04
46.96
47.04
47.09
47.02
47.06
47.07
47.11
47.09
47.13
47.09
47.16
47.16
47.13
47.14
47.11
47.16
47.11
47.13
47.09
47.11
47.13
47.16
47.13
47.14
47.12
47.14
47.12
47.11
47.12
47.09
47.14
47.11
47.2
47.14
47.12
47.14
47.11
47.09
47.16
47.14
47.11
47.12
47.09
47.09
47.16
47.09
47.09
47.16
47.09
47.09
47.09
47.14
47.2
47.16
47.02
47.11
47.07
47.13
47.11
47.12
47.11
47.09
47.2
47.13
47.14
47.16
47.11
47.2
47.09
47.09
47.09
47.07
47.09
47.13
47.12
47.06
47.13
47.09
47.07
47.06
47.02
47.13
47.11
47.12
47.06
47.07
47.06
47.04
47.07
47.04
47.09
47.09
47.05
47.06
47.05
47.13
47.09
47.07
47.04
47.02
47.11
47.02
47.12
47.04
47.05
47.02
47.13
47.09
47.02
47.02
47.02
47.06
47.02
47.0
47.07
47.07
47.0
47.02
47.09
47.09
46.99
47.14
47.11
47.04
46.99
47.0
47.04
47.04
46.98
46.94
46.99
47.09
47.09
46.95
47.04
47.0
46.95
47.0
47.05
47.04
46.99
46.91
47.02
46.96
47.0
47.04
46.99
46.96
46.99
46.94
47.02
47.02
46.99
47.02
47.0
47.0
46.98
46.91
46.93
47.02
47.04
46.98
46.94
46.94
47.02
46.96
46.98
46.98
47.07
46.91
46.91
46.91
47.02
46.93
46.95
46.94
46.89
47.04
46.96
46.88
46.93
46.95
46.87
46.88
46.87
46.91
46.88
46.91
46.87
46.88
46.77
46.88
46.88
46.84
46.91
46.89
46.89
46.84
46.82
46.8
46.91
46.91
46.84
46.82
46.93
46.82
46.82
46.82
46.87
46.95
46.89
46.87
46.84
46.93
46.91
46.82
46.91
46.87
46.96
46.87
46.98
46.98
46.91
46.88
46.89
46.87
46.96
46.96
46.89
46.93
46.95
46.95
46.89
46.99
46.93
46.95
46.99
46.94
46.99
46.91
46.91
47.0
46.98
46.96
46.91
46.96
46.87
46.99
46.95
46.89
47.02
46.94
46.96
46.96
46.89
46.96
46.95
46.89
46.96
46.96
46.91
46.88
46.89
47.0
46.86
46.94
46.98
46.93
46.96
46.96
47.02
47.0
46.89
46.94
47.0
46.91
46.91
46.91
46.89
46.96
46.88
46.86
46.94
46.91
46.89
46.86
46.91
47.0
46.96
46.89
46.93
46.93
46.94
46.96
46.91
47.0
46.94
46.94
46.98
46.95
46.98
46.91
46.98
46.94
46.95
46.91
46.89
47.02
47.0
47.04
46.94
46.96
46.94
46.98
46.93
46.94
47.0
46.93
46.95
46.94
47.09
46.96
46.91
47.0
46.98
46.99
47.06
46.94