20.69 1 150.00
20.77 2 150.00
20.70 3 150.00
20.77 4 150.00
20.86 5 150.00
20.75 6 150.00
20.81 7 150.00
20.81 8 150.00
20.73 9 150.00
20.86 10 150.00
20.73 11 150.00
20.75 12 150.00
20.82 13 150.00
20.80 14 150.00
20.77 15 150.00
20.73 16 150.00
20.70 17 150.00
20.73 18 150.00
20.76 19 150.00
20.86 20 150.00
20.73 21 150.00
20.77 22 150.00
20.78 23 150.00
20.82 24 150.00
20.80 25 150.00
20.76 26 150.00
20.73 27 150.00
20.76 28 150.00
20.73 29 150.00
20.77 30 150.00
20.80 31 150.00
20.77 32 150.00
20.78 33 150.00
20.76 34 150.00
20.78 35 150.00
20.84 36 150.00
nan 37 0.00
nan 38 0.00
nan 39 0.00
nan 40 0.00
nan 41 0.00
nan 42 0.00
nan 43 0.00
nan 44 0.00
nan 45 0.00
nan 46 0.00
nan 47 0.00
nan 48 0.00
nan 49 0.00
nan 50 0.00
nan 51 0.00
nan 52 0.00
nan 53 0.00
nan 54 0.00
nan 55 0.00
nan 56 0.00
nan 57 0.00
nan 58 0.00
nan 59 0.00
nan 60 0.00
nan 61 0.00
nan 62 0.00
nan 63 0.00
nan 64 0.00
nan 65 0.00
nan 66 0.00
nan 67 0.00
nan 68 0.00
nan 69 0.00
nan 70 0.00
nan 71 0.00
nan 72 0.00
nan 73 0.00
nan 74 0.00
20.95 75 150.00
20.93 76 150.00
20.97 77 150.00
20.98 78 150.00
21.01 79 150.00
20.98 80 150.00
21.01 81 150.00
21.03 82 150.00
20.99 83 150.00
21.02 84 150.00
21.01 85 150.00
21.02 86 150.00
21.03 87 150.00
21.02 88 150.00
21.02 89 150.00
20.95 90 150.00
21.06 91 150.00
21.06 92 150.00
21.02 93 150.00
20.97 94 150.00
21.02 95 150.00
20.95 96 150.00
20.95 97 150.00
20.95 98 150.00
20.95 99 150.00
21.03 100 150.00
20.95 101 150.00
20.95 102 150.00
20.88 103 150.00
20.88 104 150.00
20.90 105 150.00
20.92 106 150.00
20.99 107 150.00
20.93 108 150.00
20.88 109 150.00
20.95 110 150.00
20.92 111 150.00
20.93 112 150.00
