24.35 1 150.00
24.46 2 150.00
24.49 3 150.00
24.42 4 150.00
24.49 5 150.00
24.46 6 150.00
24.44 7 150.00
24.51 8 150.00
24.47 9 150.00
24.45 10 150.00
24.45 11 150.00
24.47 12 150.00
24.45 13 150.00
24.53 14 150.00
24.51 15 150.00
24.47 16 150.00
24.47 17 150.00
24.44 18 150.00
24.47 19 150.00
nan 20 0.00
nan 21 0.00
nan 22 0.00
nan 23 0.00
nan 24 0.00
nan 25 0.00
nan 26 0.00
nan 27 0.00
nan 28 0.00
nan 29 0.00
nan 30 0.00
nan 31 0.00
nan 32 0.00
nan 33 0.00
nan 34 0.00
nan 35 0.00
nan 36 0.00
nan 37 0.00
nan 38 0.00
nan 39 0.00
nan 40 0.00
nan 41 0.00
nan 42 0.00
nan 43 0.00
nan 44 0.00
nan 45 0.00
nan 46 0.00
nan 47 0.00
nan 48 0.00
nan 49 0.00
nan 50 0.00
nan 51 0.00
nan 52 0.00
nan 53 0.00
nan 54 0.00
nan 55 0.00
nan 56 0.00
nan 57 0.00
nan 58 0.00
nan 59 0.00
nan 60 0.00
nan 61 0.00
24.30 62 150.00
24.31 63 150.00
24.33 64 150.00
24.27 65 150.00
24.27 66 150.00
24.29 67 150.00
24.23 68 150.00
24.25 69 150.00
24.22 70 150.00
24.24 71 150.00
24.27 72 150.00
24.25 73 150.00
24.33 74 150.00
