23.59 1 150.00
23.52 2 150.00
23.70 3 150.00
23.62 4 150.00
23.62 5 150.00
23.65 6 150.00
23.55 7 150.00
23.72 8 150.00
23.66 9 150.00
23.73 10 150.00
23.70 11 150.00
23.69 12 150.00
23.71 13 150.00
23.71 14 150.00
23.70 15 150.00
23.66 16 150.00
23.70 17 150.00
23.74 18 150.00
23.67 19 150.00
23.65 20 150.00
23.66 21 150.00
23.73 22 150.00
23.74 23 150.00
23.70 24 150.00
23.72 25 150.00
23.72 26 150.00
23.71 27 150.00
23.71 28 150.00
23.67 29 150.00
23.77 30 150.00
23.69 31 150.00
23.67 32 150.00
23.71 33 150.00
23.65 34 150.00
23.73 35 150.00
nan 36 0.00
nan 37 0.00
nan 38 0.00
nan 39 0.00
nan 40 0.00
nan 41 0.00
nan 42 0.00
nan 43 0.00
nan 44 0.00
nan 45 0.00
nan 46 0.00
nan 47 0.00
nan 48 0.00
nan 49 0.00
nan 50 0.00
nan 51 0.00
nan 52 0.00
nan 53 0.00
nan 54 0.00
nan 55 0.00
nan 56 0.00
nan 57 0.00
nan 58 0.00
nan 59 0.00
nan 60 0.00
nan 61 0.00
nan 62 0.00
nan 63 0.00
nan 64 0.00
nan 65 0.00
nan 66 0.00
nan 67 0.00
nan 68 0.00
nan 69 0.00
nan 70 0.00
nan 71 0.00
nan 72 0.00
nan 73 0.00
nan 74 0.00
nan 75 0.00
nan 76 0.00
nan 77 0.00
nan 78 0.00
nan 79 0.00
nan 80 0.00
23.77 81 150.00
23.67 82 150.00
23.67 83 150.00
nan 84 0.00
nan 85 0.00
23.73 86 150.00
23.72 87 150.00
23.70 88 150.00
nan 89 0.00
nan 90 0.00
nan 91 0.00
nan 92 0.00
nan 93 0.00
nan 94 0.00
nan 95 0.00
nan 96 0.00
nan 97 0.00
nan 98 0.00
nan 99 0.00
nan 100 0.00
nan 101 0.00
nan 102 0.00
nan 103 0.00
nan 104 0.00
nan 105 0.00
nan 106 0.00
nan 107 0.00
nan 108 0.00
nan 109 0.00
nan 110 0.00
nan 111 0.00
nan 112 0.00
nan 113 0.00
nan 114 0.00
nan 115 0.00
nan 116 0.00
nan 117 0.00
nan 118 0.00
nan 119 0.00
nan 120 0.00
nan 121 0.00
nan 122 0.00
nan 123 0.00
nan 124 0.00
nan 125 0.00
nan 126 0.00
nan 127 0.00
nan 128 0.00
nan 129 0.00
nan 130 0.00
nan 131 0.00
nan 132 0.00
nan 133 0.00
nan 134 0.00
nan 135 0.00
nan 136 0.00
nan 137 0.00
nan 138 0.00
nan 139 0.00
nan 140 0.00
nan 141 0.00
nan 142 0.00
nan 143 0.00
23.83 144 150.00
23.73 145 150.00
23.70 146 150.00
nan 147 0.00
nan 148 0.00
nan 149 0.00
nan 150 0.00
nan 151 0.00
nan 152 0.00
nan 153 0.00
nan 154 0.00
nan 155 0.00
nan 156 0.00
nan 157 0.00
nan 158 0.00
nan 159 0.00
nan 160 0.00
nan 161 0.00
nan 162 0.00
nan 163 0.00
nan 164 0.00
nan 165 0.00
nan 166 0.00
nan 167 0.00
nan 168 0.00
nan 169 0.00
nan 170 0.00
nan 171 0.00
nan 172 0.00
nan 173 0.00
nan 174 0.00
nan 175 0.00
nan 176 0.00
nan 177 0.00
nan 178 0.00
nan 179 0.00
nan 180 0.00
nan 181 0.00
nan 182 0.00
nan 183 0.00
nan 184 0.00
nan 185 0.00
nan 186 0.00
nan 187 0.00
nan 188 0.00
nan 189 0.00
nan 190 0.00
nan 191 0.00
nan 192 0.00
nan 193 0.00
nan 194 0.00
nan 195 0.00
nan 196 0.00
nan 197 0.00
nan 198 0.00
nan 199 0.00
nan 200 0.00
nan 201 0.00
nan 202 0.00
nan 203 0.00
nan 204 0.00
nan 205 0.00
nan 206 0.00
nan 207 0.00
nan 208 0.00
nan 209 0.00
nan 210 0.00
nan 211 0.00
nan 212 0.00
nan 213 0.00
nan 214 0.00
nan 215 0.00
nan 216 0.00
23.63 217 150.00
23.66 218 150.00
23.59 219 150.00
