nan 1 0.00
nan 2 0.00
nan 3 0.00
nan 4 0.00
nan 5 0.00
nan 6 0.00
nan 7 0.00
nan 8 0.00
nan 9 0.00
nan 10 0.00
nan 11 0.00
nan 12 0.00
nan 13 0.00
nan 14 0.00
nan 15 0.00
23.62 16 150.00
23.70 17 150.00
23.66 18 150.00
23.76 19 150.00
23.62 20 150.00
23.74 21 150.00
23.74 22 150.00
23.76 23 150.00
23.70 24 150.00
23.73 25 150.00
23.71 26 150.00
23.71 27 150.00
23.77 28 150.00
23.73 29 150.00
23.74 30 150.00
23.80 31 150.00
23.76 32 150.00
23.78 33 150.00
23.73 34 150.00
23.80 35 150.00
23.78 36 150.00
23.73 37 150.00
23.77 38 150.00
23.77 39 150.00
23.87 40 150.00
23.82 41 150.00
23.76 42 150.00
23.80 43 150.00
23.78 44 150.00
23.83 45 150.00
23.80 46 150.00
23.82 47 150.00
23.80 48 150.00
23.84 49 150.00
23.78 50 150.00
23.78 51 150.00
23.78 52 150.00
nan 53 0.00
nan 54 0.00
nan 55 0.00
nan 56 0.00
nan 57 0.00
nan 58 0.00
nan 59 0.00
nan 60 0.00
nan 61 0.00
nan 62 0.00
nan 63 0.00
nan 64 0.00
23.74 65 150.00
23.70 66 150.00
23.72 67 150.00
23.71 68 150.00
nan 69 0.00
nan 70 0.00
nan 71 0.00
nan 72 0.00
nan 73 0.00
nan 74 0.00
nan 75 0.00
nan 76 0.00
nan 77 0.00
nan 78 0.00
23.80 79 150.00
23.69 80 150.00
23.74 81 150.00
23.77 82 150.00
nan 83 0.00
nan 84 0.00
nan 85 0.00
nan 86 0.00
nan 87 0.00
nan 88 0.00
nan 89 0.00
nan 90 0.00
nan 91 0.00
nan 92 0.00
nan 93 0.00
nan 94 0.00
nan 95 0.00
nan 96 0.00
nan 97 0.00
nan 98 0.00
nan 99 0.00
nan 100 0.00
nan 101 0.00
nan 102 0.00
nan 103 0.00
23.73 104 150.00
23.73 105 150.00
23.74 106 150.00
23.76 107 150.00
nan 108 0.00
nan 109 0.00
nan 110 0.00
nan 111 0.00
nan 112 0.00
nan 113 0.00
nan 114 0.00
nan 115 0.00
nan 116 0.00
nan 117 0.00
23.70 118 150.00
23.69 119 150.00
23.69 120 150.00
23.71 121 150.00
nan 122 0.00
nan 123 0.00
nan 124 0.00
nan 125 0.00
nan 126 0.00
nan 127 0.00
nan 128 0.00
nan 129 0.00
nan 130 0.00
nan 131 0.00
23.74 132 150.00
23.74 133 150.00
23.71 134 150.00
23.78 135 150.00
nan 136 0.00
nan 137 0.00
nan 138 0.00
nan 139 0.00
nan 140 0.00
nan 141 0.00
nan 142 0.00
nan 143 0.00
nan 144 0.00
23.69 145 150.00
23.76 146 150.00
nan 147 0.00
nan 148 0.00
nan 149 0.00
nan 150 0.00
nan 151 0.00
nan 152 0.00
nan 153 0.00
nan 154 0.00
nan 155 0.00
23.77 156 150.00
23.78 157 150.00
23.80 158 150.00
23.80 159 150.00
nan 160 0.00
nan 161 0.00
nan 162 0.00
nan 163 0.00
nan 164 0.00
nan 165 0.00
nan 166 0.00
nan 167 0.00
nan 168 0.00
23.80 169 150.00
23.80 170 150.00
23.82 171 150.00
23.77 172 150.00
23.84 173 150.00
nan 174 0.00
nan 175 0.00
nan 176 0.00
nan 177 0.00
nan 178 0.00
nan 179 0.00
nan 180 0.00
nan 181 0.00
nan 182 0.00
nan 183 0.00
nan 184 0.00
nan 185 0.00
23.80 186 150.00
23.76 187 150.00
23.80 188 150.00
nan 189 0.00
nan 190 0.00
nan 191 0.00
nan 192 0.00
nan 193 0.00
nan 194 0.00
nan 195 0.00
nan 196 0.00
nan 197 0.00
23.72 198 150.00
23.76 199 150.00
23.72 200 150.00
23.84 201 150.00
nan 202 0.00
nan 203 0.00
nan 204 0.00
nan 205 0.00
nan 206 0.00
nan 207 0.00
nan 208 0.00
nan 209 0.00
nan 210 0.00
nan 211 0.00
23.73 212 150.00
23.78 213 150.00
23.77 214 150.00
23.76 215 150.00
nan 216 0.00
nan 217 0.00
nan 218 0.00
nan 219 0.00
nan 220 0.00
nan 221 0.00
nan 222 0.00
nan 223 0.00
23.78 224 150.00
23.72 225 150.00
23.76 226 150.00
nan 227 0.00
nan 228 0.00
nan 229 0.00
nan 230 0.00
nan 231 0.00
nan 232 0.00
nan 233 0.00
nan 234 0.00
nan 235 0.00
nan 236 0.00
nan 237 0.00
nan 238 0.00
nan 239 0.00
nan 240 0.00
nan 241 0.00
nan 242 0.00
nan 243 0.00
nan 244 0.00
nan 245 0.00
nan 246 0.00
nan 247 0.00
nan 248 0.00
nan 249 0.00
nan 250 0.00
nan 251 0.00
nan 252 0.00
nan 253 0.00
nan 254 0.00
nan 255 0.00
nan 256 0.00
nan 257 0.00
nan 258 0.00
nan 259 0.00
23.73 260 150.00
23.78 261 150.00
23.71 262 150.00
23.72 263 150.00
23.82 264 150.00
23.78 265 150.00
