0.00 1 150.00
0.00 2 150.00
0.00 3 150.00
0.00 4 150.00
0.00 5 150.00
0.00 6 150.00
0.00 7 150.00
0.00 8 150.00
0.00 9 150.00
0.00 10 150.00
0.00 11 150.00
0.00 12 150.00
0.00 13 150.00
0.00 14 150.00
0.00 15 150.00
0.00 16 150.00
0.00 17 150.00
0.00 18 150.00
0.00 19 150.00
0.00 20 150.00
0.00 21 150.00
0.00 22 150.00
0.00 23 150.00
0.00 24 150.00
0.00 25 150.00
0.00 26 150.00
0.00 27 150.00
0.00 28 150.00
0.00 29 150.00
0.00 30 150.00
0.00 31 150.00
0.00 32 150.00
0.00 33 150.00
0.00 34 150.00
0.00 35 150.00
0.00 36 150.00
0.00 37 150.00
0.00 38 150.00
0.00 39 150.00
0.00 40 150.00
0.00 41 150.00
0.00 42 150.00
0.00 43 150.00
0.00 44 150.00
0.00 45 150.00
0.00 46 150.00
0.00 47 150.00
0.00 48 150.00
0.00 49 150.00
0.00 50 150.00
0.00 51 150.00
0.00 52 150.00
0.00 53 150.00
0.00 54 150.00
0.00 55 150.00
0.00 56 150.00
0.00 57 150.00
0.00 58 150.00
0.00 59 150.00
0.00 60 150.00
0.00 61 150.00
0.00 62 150.00
0.00 63 150.00
0.00 64 150.00
0.00 65 150.00
0.00 66 150.00
0.00 67 150.00
0.00 68 150.00
0.00 69 150.00
0.00 70 150.00
0.00 71 150.00
0.00 72 150.00
0.00 73 150.00
0.00 74 150.00
0.00 75 150.00
0.00 76 150.00
0.00 77 150.00
0.00 78 150.00
0.00 79 150.00
0.00 80 150.00
0.00 81 150.00
0.00 82 150.00
0.00 83 150.00
0.00 84 150.00
0.00 85 150.00
0.00 86 150.00
0.00 87 150.00
0.00 88 150.00
0.00 89 150.00
0.00 90 150.00
0.00 91 150.00
0.00 92 150.00
0.00 93 150.00
0.00 94 150.00
0.00 95 150.00
0.00 96 150.00
0.00 97 150.00
0.00 98 150.00
0.00 99 150.00
0.00 100 150.00
0.00 101 150.00
0.00 102 150.00
0.00 103 150.00
0.00 104 150.00
0.00 105 150.00
0.00 106 150.00
0.00 107 150.00
0.00 108 150.00
0.00 109 150.00
0.00 110 150.00
0.00 111 150.00
0.00 112 150.00
0.00 113 150.00
0.00 114 150.00
0.00 115 150.00
0.00 116 150.00
0.00 117 150.00
0.00 118 150.00
0.00 119 150.00
0.00 120 150.00
0.00 121 150.00
0.00 122 150.00
0.00 123 150.00
0.00 124 150.00
0.00 125 150.00
0.00 126 150.00
0.00 127 150.00
0.00 128 150.00
0.00 129 150.00
0.00 130 150.00
0.00 131 150.00
nan 132 0.00
nan 133 0.00
nan 134 0.00
nan 135 0.00
nan 136 0.00
nan 137 0.00
nan 138 0.00
nan 139 0.00
nan 140 0.00
nan 141 0.00
nan 142 0.00
nan 143 0.00
nan 144 0.00
nan 145 0.00
nan 146 0.00
nan 147 0.00
nan 148 0.00
nan 149 0.00
nan 150 0.00
nan 151 0.00
nan 152 0.00
nan 153 0.00
nan 154 0.00
nan 155 0.00
nan 156 0.00
nan 157 0.00
nan 158 0.00
nan 159 0.00
nan 160 0.00
nan 161 0.00
nan 162 0.00
nan 163 0.00
nan 164 0.00
nan 165 0.00
nan 166 0.00
nan 167 0.00
nan 168 0.00
nan 169 0.00
nan 170 0.00
nan 171 0.00
24.23 172 150.00
24.30 173 150.00
24.25 174 150.00
24.33 175 150.00
24.25 176 150.00
24.31 177 150.00
24.34 178 150.00
24.34 179 150.00
nan 180 0.00
nan 181 0.00
nan 182 0.00
nan 183 0.00
nan 184 0.00
nan 185 0.00
nan 186 0.00
nan 187 0.00
nan 188 0.00
nan 189 0.00
nan 190 0.00
nan 191 0.00
nan 192 0.00
nan 193 0.00
nan 194 0.00
nan 195 0.00
nan 196 0.00
nan 197 0.00
nan 198 0.00
nan 199 0.00
nan 200 0.00
nan 201 0.00
nan 202 0.00
nan 203 0.00
nan 204 0.00
nan 205 0.00
nan 206 0.00
nan 207 0.00
nan 208 0.00
nan 209 0.00
nan 210 0.00
nan 211 0.00
nan 212 0.00
nan 213 0.00
nan 214 0.00
nan 215 0.00
nan 216 0.00
nan 217 0.00
nan 218 0.00
nan 219 0.00
nan 220 0.00
nan 221 0.00
nan 222 0.00
nan 223 0.00
24.38 224 150.00
24.46 225 150.00
24.40 226 150.00
24.45 227 150.00
24.40 228 150.00
24.45 229 150.00
24.46 230 150.00
24.45 231 150.00
24.41 232 150.00
24.45 233 150.00
24.35 234 150.00
24.51 235 150.00
24.52 236 150.00
nan 237 0.00
nan 238 0.00
nan 239 0.00
nan 240 0.00
nan 241 0.00
24.52 242 150.00
24.55 243 150.00
24.55 244 150.00
24.52 245 150.00
24.57 246 150.00
nan 247 0.00
nan 248 0.00
nan 249 0.00
nan 250 0.00
nan 251 0.00
nan 252 0.00
nan 253 0.00
nan 254 0.00
nan 255 0.00
nan 256 0.00
nan 257 0.00
nan 258 0.00
nan 259 0.00
nan 260 0.00
nan 261 0.00
nan 262 0.00
nan 263 0.00
24.53 264 150.00
24.57 265 150.00
24.55 266 150.00
24.47 267 150.00
24.70 268 150.00
nan 269 0.00
nan 270 0.00
nan 271 0.00
nan 272 0.00
nan 273 0.00
nan 274 0.00
nan 275 0.00
nan 276 0.00
nan 277 0.00
24.49 278 150.00
24.58 279 150.00
24.57 280 150.00
24.53 281 150.00
24.55 282 150.00
24.53 283 150.00
24.55 284 150.00
24.57 285 150.00
nan 286 0.00
nan 287 0.00
nan 288 0.00
nan 289 0.00
nan 290 0.00
nan 291 0.00
nan 292 0.00
nan 293 0.00
nan 294 0.00
nan 295 0.00
nan 296 0.00
nan 297 0.00
nan 298 0.00
nan 299 0.00
nan 300 0.00
nan 301 0.00
nan 302 0.00
nan 303 0.00
nan 304 0.00
nan 305 0.00
nan 306 0.00
nan 307 0.00
nan 308 0.00
nan 309 0.00
nan 310 0.00
nan 311 0.00
nan 312 0.00
nan 313 0.00
nan 314 0.00
nan 315 0.00
nan 316 0.00
nan 317 0.00
nan 318 0.00
nan 319 0.00
nan 320 0.00
nan 321 0.00
nan 322 0.00
nan 323 0.00
nan 324 0.00
nan 325 0.00
nan 326 0.00
nan 327 0.00
nan 328 0.00
nan 329 0.00
nan 330 0.00
nan 331 0.00
nan 332 0.00
nan 333 0.00
nan 334 0.00
nan 335 0.00
nan 336 0.00
nan 337 0.00
nan 338 0.00
nan 339 0.00
nan 340 0.00
nan 341 0.00
nan 342 0.00
nan 343 0.00
nan 344 0.00
nan 345 0.00
nan 346 0.00
nan 347 0.00
nan 348 0.00
nan 349 0.00
nan 350 0.00
nan 351 0.00
nan 352 0.00
nan 353 0.00
nan 354 0.00
nan 355 0.00
nan 356 0.00
nan 357 0.00
nan 358 0.00
25.00 359 150.00
24.97 360 150.00
25.02 361 150.00
24.98 362 150.00
24.99 363 150.00
24.94 364 150.00
24.94 365 150.00
24.93 366 150.00
24.93 367 150.00
24.94 368 150.00
24.88 369 150.00
24.85 370 150.00
nan 371 0.00
nan 372 0.00
nan 373 0.00
nan 374 0.00
nan 375 0.00
nan 376 0.00
nan 377 0.00
nan 378 0.00
nan 379 0.00
nan 380 0.00
nan 381 0.00
nan 382 0.00
nan 383 0.00
24.73 384 150.00
24.64 385 150.00
24.70 386 150.00
24.66 387 150.00
24.66 388 150.00
24.74 389 150.00
24.60 390 150.00
24.69 391 150.00
24.66 392 150.00
24.63 393 150.00
24.66 394 150.00
24.68 395 150.00
24.66 396 150.00
24.66 397 150.00
24.63 398 150.00
24.64 399 150.00
24.66 400 150.00
24.57 401 150.00
nan 402 0.00
nan 403 0.00
nan 404 0.00
nan 405 0.00
nan 406 0.00
nan 407 0.00
nan 408 0.00
nan 409 0.00
nan 410 0.00
nan 411 0.00
nan 412 0.00
nan 413 0.00
nan 414 0.00
nan 415 0.00
nan 416 0.00
nan 417 0.00
nan 418 0.00
nan 419 0.00
nan 420 0.00
nan 421 0.00
nan 422 0.00
nan 423 0.00
nan 424 0.00
nan 425 0.00
nan 426 0.00
nan 427 0.00
nan 428 0.00
nan 429 0.00
nan 430 0.00
nan 431 0.00
nan 432 0.00
nan 433 0.00
nan 434 0.00
nan 435 0.00
nan 436 0.00
nan 437 0.00
nan 438 0.00
nan 439 0.00
nan 440 0.00
nan 441 0.00
nan 442 0.00
nan 443 0.00
nan 444 0.00
nan 445 0.00
nan 446 0.00
nan 447 0.00
nan 448 0.00
nan 449 0.00
nan 450 0.00
nan 451 0.00
nan 452 0.00
24.49 453 150.00
24.45 454 150.00
24.42 455 150.00
24.46 456 150.00
24.49 457 150.00
24.45 458 150.00
24.52 459 150.00
24.48 460 150.00
24.51 461 150.00
24.53 462 150.00
24.51 463 150.00
24.48 464 150.00
24.58 465 150.00
nan 466 0.00
nan 467 0.00
nan 468 0.00
nan 469 0.00
nan 470 0.00
nan 471 0.00
nan 472 0.00
nan 473 0.00
nan 474 0.00
nan 475 0.00
nan 476 0.00
nan 477 0.00
nan 478 0.00
nan 479 0.00
24.42 480 150.00
24.53 481 150.00
24.46 482 150.00
24.52 483 150.00
24.51 484 150.00
24.46 485 150.00
24.49 486 150.00
24.38 487 150.00
24.55 488 150.00
24.46 489 150.00
24.45 490 150.00
24.55 491 150.00
24.53 492 150.00
24.49 493 150.00
24.53 494 150.00
24.49 495 150.00
24.51 496 150.00
24.52 497 150.00
24.49 498 150.00
24.55 499 150.00
24.49 500 150.00
24.57 501 150.00
24.44 502 150.00
24.57 503 150.00
24.53 504 150.00
24.49 505 150.00
24.55 506 150.00
24.48 507 150.00
24.55 508 150.00
nan 509 0.00
nan 510 0.00
nan 511 0.00
nan 512 0.00
nan 513 0.00
nan 514 0.00
nan 515 0.00
nan 516 0.00
nan 517 0.00
nan 518 0.00
nan 519 0.00
nan 520 0.00
nan 521 0.00
nan 522 0.00
nan 523 0.00
nan 524 0.00
nan 525 0.00
nan 526 0.00
nan 527 0.00
nan 528 0.00
nan 529 0.00
nan 530 0.00
nan 531 0.00
nan 532 0.00
nan 533 0.00
nan 534 0.00
nan 535 0.00
nan 536 0.00
nan 537 0.00
nan 538 0.00
nan 539 0.00
nan 540 0.00
nan 541 0.00
nan 542 0.00
nan 543 0.00
nan 544 0.00
nan 545 0.00
nan 546 0.00
nan 547 0.00
nan 548 0.00
nan 549 0.00
nan 550 0.00
nan 551 0.00
nan 552 0.00
nan 553 0.00
nan 554 0.00
nan 555 0.00
nan 556 0.00
nan 557 0.00
nan 558 0.00
nan 559 0.00
nan 560 0.00
24.31 561 150.00
0.00 562 150.00
0.00 563 150.00
0.00 564 150.00
0.00 565 150.00
0.00 566 150.00
0.00 567 150.00
0.00 568 150.00
0.00 569 150.00
0.00 570 150.00
0.00 571 150.00
0.00 572 150.00
0.00 573 150.00
0.00 574 150.00
0.00 575 150.00
0.00 576 150.00
0.00 577 150.00
0.00 578 150.00
0.00 579 150.00
0.00 580 150.00
0.00 581 150.00
0.00 582 150.00
0.00 583 150.00
0.00 584 150.00
0.00 585 150.00
0.00 586 150.00
0.00 587 150.00
0.00 588 150.00
0.00 589 150.00
0.00 590 150.00
0.00 591 150.00
0.00 592 150.00
0.00 593 150.00
0.00 594 150.00
0.00 595 150.00
0.00 596 150.00
0.00 597 150.00
0.00 598 150.00
0.00 599 150.00
0.00 600 150.00
0.00 601 150.00
0.00 602 150.00
0.00 603 150.00
0.00 604 150.00
0.00 605 150.00
0.00 606 150.00
0.00 607 150.00
0.00 608 150.00
0.00 609 150.00
0.00 610 150.00
0.00 611 150.00
0.00 612 150.00
0.00 613 150.00
0.00 614 150.00
0.00 615 150.00
0.00 616 150.00
0.00 617 150.00
0.00 618 150.00
0.00 619 150.00
0.00 620 150.00
0.00 621 150.00
0.00 622 150.00
0.00 623 150.00
0.00 624 150.00
0.00 625 150.00
0.00 626 150.00
0.00 627 150.00
0.00 628 150.00
0.00 629 150.00
0.00 630 150.00
0.00 631 150.00
0.00 632 150.00
0.00 633 150.00
0.00 634 150.00
0.00 635 150.00
0.00 636 150.00
0.00 637 150.00
0.00 638 150.00
0.00 639 150.00
0.00 640 150.00
0.00 641 150.00
0.00 642 150.00
0.00 643 150.00
0.00 644 150.00
0.00 645 150.00
0.00 646 150.00
0.00 647 150.00
0.00 648 150.00
0.00 649 150.00
0.00 650 150.00
0.00 651 150.00
0.00 652 150.00
0.00 653 150.00
0.00 654 150.00
0.00 655 150.00
0.00 656 150.00
0.00 657 150.00
0.00 658 150.00
0.00 659 150.00
0.00 660 150.00
0.00 661 150.00
0.00 662 150.00
0.00 663 150.00
0.00 664 150.00
0.00 665 150.00
0.00 666 150.00
0.00 667 150.00
0.00 668 150.00
0.00 669 150.00
0.00 670 150.00
0.00 671 150.00
0.00 672 150.00
0.00 673 150.00
0.00 674 150.00
0.00 675 150.00
0.00 676 150.00
0.00 677 150.00
0.00 678 150.00
0.00 679 150.00
0.00 680 150.00
0.00 681 150.00
0.00 682 150.00
0.00 683 150.00
0.00 684 150.00
0.00 685 150.00
0.00 686 150.00
0.00 687 150.00
0.00 688 150.00
0.00 689 150.00
0.00 690 150.00
0.00 691 150.00
0.00 692 150.00
0.00 693 150.00
0.00 694 150.00
0.00 695 150.00
0.00 696 150.00
0.00 697 150.00
0.00 698 150.00
0.00 699 150.00
0.00 700 150.00
0.00 701 150.00
0.00 702 150.00
0.00 703 150.00
0.00 704 150.00
0.00 705 150.00
0.00 706 150.00
0.00 707 150.00
0.00 708 150.00
0.00 709 150.00
0.00 710 150.00
0.00 711 150.00
0.00 712 150.00
0.00 713 150.00
0.00 714 150.00
0.00 715 150.00
0.00 716 150.00
0.00 717 150.00
0.00 718 150.00
0.00 719 150.00
0.00 720 150.00
0.00 721 150.00
0.00 722 150.00
0.00 723 150.00
0.00 724 150.00
0.00 725 150.00
0.00 726 150.00
0.00 727 150.00
0.00 728 150.00
0.00 729 150.00
0.00 730 150.00
0.00 731 150.00
0.00 732 150.00
0.00 733 150.00
0.00 734 150.00
0.00 735 150.00
0.00 736 150.00
0.00 737 150.00
0.00 738 150.00
0.00 739 150.00
0.00 740 150.00
0.00 741 150.00
0.00 742 150.00
0.00 743 150.00
0.00 744 150.00
0.00 745 150.00
0.00 746 150.00
0.00 747 150.00
0.00 748 150.00
0.00 749 150.00
0.00 750 150.00
0.00 751 150.00
0.00 752 150.00
0.00 753 150.00
0.00 754 150.00
0.00 755 150.00
0.00 756 150.00
0.00 757 150.00
0.00 758 150.00
0.00 759 150.00
0.00 760 150.00
0.00 761 150.00
0.00 762 150.00
0.00 763 150.00
0.00 764 150.00
0.00 765 150.00
0.00 766 150.00
0.00 767 150.00
0.00 768 150.00
0.00 769 150.00
0.00 770 150.00
0.00 771 150.00
0.00 772 150.00
0.00 773 150.00
0.00 774 150.00
0.00 775 150.00
0.00 776 150.00
0.00 777 150.00
0.00 778 150.00
0.00 779 150.00
0.00 780 150.00
0.00 781 150.00
0.00 782 150.00
0.00 783 150.00
0.00 784 150.00
0.00 785 150.00
0.00 786 150.00
0.00 787 150.00
0.00 788 150.00
0.00 789 150.00
0.00 790 150.00
0.00 791 150.00
0.00 792 150.00
0.00 793 150.00
0.00 794 150.00
0.00 795 150.00
0.00 796 150.00
0.00 797 150.00
0.00 798 150.00
0.00 799 150.00
0.00 800 150.00
0.00 801 150.00
0.00 802 150.00
0.00 803 150.00
0.00 804 150.00
0.00 805 150.00
0.00 806 150.00
0.00 807 150.00
0.00 808 150.00
0.00 809 150.00
0.00 810 150.00
0.00 811 150.00
0.00 812 150.00
0.00 813 150.00
0.00 814 150.00
0.00 815 150.00
0.00 816 150.00
0.00 817 150.00
0.00 818 150.00
0.00 819 150.00
0.00 820 150.00
0.00 821 150.00
0.00 822 150.00
