24.31 1 150.00
24.42 2 150.00
24.38 3 150.00
24.42 4 150.00
24.40 5 150.00
24.40 6 150.00
24.44 7 150.00
24.40 8 150.00
24.37 9 150.00
24.40 10 150.00
24.38 11 150.00
24.34 12 150.00
24.47 13 150.00
24.38 14 150.00
24.36 15 150.00
24.46 16 150.00
24.45 17 150.00
24.37 18 150.00
24.40 19 150.00
24.46 20 150.00
24.34 21 150.00
24.41 22 150.00
24.42 23 150.00
24.37 24 150.00
24.33 25 150.00
24.38 26 150.00
24.34 27 150.00
24.36 28 150.00
24.44 29 150.00
24.40 30 150.00
24.33 31 150.00
24.36 32 150.00
24.44 33 150.00
24.46 34 150.00
24.38 35 150.00
24.40 36 150.00
24.42 37 150.00
nan 38 0.00
nan 39 0.00
nan 40 0.00
nan 41 0.00
nan 42 0.00
nan 43 0.00
nan 44 0.00
nan 45 0.00
nan 46 0.00
nan 47 0.00
nan 48 0.00
nan 49 0.00
nan 50 0.00
nan 51 0.00
nan 52 0.00
nan 53 0.00
nan 54 0.00
nan 55 0.00
nan 56 0.00
nan 57 0.00
nan 58 0.00
nan 59 0.00
nan 60 0.00
nan 61 0.00
nan 62 0.00
nan 63 0.00
nan 64 0.00
nan 65 0.00
nan 66 0.00
nan 67 0.00
nan 68 0.00
nan 69 0.00
nan 70 0.00
nan 71 0.00
nan 72 0.00
nan 73 0.00
nan 74 0.00
nan 75 0.00
nan 76 0.00
nan 77 0.00
nan 78 0.00
nan 79 0.00
nan 80 0.00
nan 81 0.00
nan 82 0.00
nan 83 0.00
nan 84 0.00
nan 85 0.00
nan 86 0.00
nan 87 0.00
nan 88 0.00
nan 89 0.00
nan 90 0.00
nan 91 0.00
nan 92 0.00
nan 93 0.00
nan 94 0.00
nan 95 0.00
nan 96 0.00
nan 97 0.00
nan 98 0.00
nan 99 0.00
nan 100 0.00
nan 101 0.00
nan 102 0.00
nan 103 0.00
nan 104 0.00
nan 105 0.00
nan 106 0.00
nan 107 0.00
nan 108 0.00
nan 109 0.00
nan 110 0.00
nan 111 0.00
24.19 112 150.00
24.30 113 150.00
24.29 114 150.00
24.29 115 150.00
24.29 116 150.00
24.22 117 150.00
24.29 118 150.00
24.29 119 150.00
24.25 120 150.00
24.27 121 150.00
24.29 122 150.00
24.24 123 150.00
24.25 124 150.00
24.30 125 150.00
24.31 126 150.00
24.25 127 150.00
24.29 128 150.00
24.36 129 150.00
24.33 130 150.00
24.25 131 150.00
24.31 132 150.00
24.29 133 150.00
24.36 134 150.00
24.36 135 150.00
24.42 136 150.00
24.37 137 150.00
24.33 138 150.00
24.41 139 150.00
24.42 140 150.00
24.36 141 150.00
24.37 142 150.00
24.42 143 150.00
24.36 144 150.00
24.40 145 150.00
24.34 146 150.00
24.34 147 150.00
24.46 148 150.00
24.33 149 150.00
24.34 150 150.00
24.31 151 150.00
24.36 152 150.00
24.41 153 150.00
24.31 154 150.00
24.33 155 150.00
24.35 156 150.00
24.30 157 150.00
24.30 158 150.00
24.30 159 150.00
24.25 160 150.00
24.31 161 150.00
24.33 162 150.00
24.31 163 150.00
24.33 164 150.00
24.36 165 150.00
24.31 166 150.00
24.31 167 150.00
24.36 168 150.00
24.34 169 150.00
24.35 170 150.00
24.36 171 150.00
24.29 172 150.00
24.33 173 150.00
24.31 174 150.00
24.37 175 150.00
24.27 176 150.00
24.33 177 150.00
24.37 178 150.00
nan 179 0.00
nan 180 0.00
nan 181 0.00
nan 182 0.00
nan 183 0.00
nan 184 0.00
nan 185 0.00
nan 186 0.00
nan 187 0.00
nan 188 0.00
nan 189 0.00
nan 190 0.00
nan 191 0.00
nan 192 0.00
nan 193 0.00
nan 194 0.00
nan 195 0.00
nan 196 0.00
nan 197 0.00
nan 198 0.00
nan 199 0.00
nan 200 0.00
nan 201 0.00
nan 202 0.00
nan 203 0.00
nan 204 0.00
nan 205 0.00
nan 206 0.00
nan 207 0.00
nan 208 0.00
nan 209 0.00
nan 210 0.00
24.19 211 150.00
24.24 212 150.00
24.24 213 150.00
24.27 214 150.00
24.25 215 150.00
24.25 216 150.00
24.30 217 150.00
24.30 218 150.00
24.22 219 150.00
24.25 220 150.00
24.33 221 150.00
nan 222 0.00
nan 223 0.00
nan 224 0.00
nan 225 0.00
nan 226 0.00
nan 227 0.00
nan 228 0.00
nan 229 0.00
nan 230 0.00
nan 231 0.00
nan 232 0.00
nan 233 0.00
nan 234 0.00
nan 235 0.00
nan 236 0.00
nan 237 0.00
nan 238 0.00
nan 239 0.00
nan 240 0.00
nan 241 0.00
nan 242 0.00
nan 243 0.00
nan 244 0.00
nan 245 0.00
nan 246 0.00
nan 247 0.00
nan 248 0.00
nan 249 0.00
nan 250 0.00
nan 251 0.00
nan 252 0.00
nan 253 0.00
nan 254 0.00
nan 255 0.00
nan 256 0.00
nan 257 0.00
nan 258 0.00
24.27 259 150.00
24.27 260 150.00
24.35 261 150.00
24.27 262 150.00
24.31 263 150.00
24.22 264 150.00
24.27 265 150.00
24.31 266 150.00
24.25 267 150.00
24.31 268 150.00
24.19 269 150.00
24.27 270 150.00
24.35 271 150.00
24.27 272 150.00
24.22 273 150.00
24.33 274 150.00
24.27 275 150.00
24.27 276 150.00
24.29 277 150.00
24.35 278 150.00
24.35 279 150.00
24.33 280 150.00
24.35 281 150.00
24.31 282 150.00
24.35 283 150.00
24.29 284 150.00
24.33 285 150.00
24.27 286 150.00
24.25 287 150.00
24.33 288 150.00
24.27 289 150.00
24.33 290 150.00
24.31 291 150.00
24.31 292 150.00
24.36 293 150.00
24.30 294 150.00
24.24 295 150.00
24.31 296 150.00
24.40 297 150.00
24.31 298 150.00
24.34 299 150.00
24.30 300 150.00
24.31 301 150.00
24.35 302 150.00
24.31 303 150.00
24.35 304 150.00
24.37 305 150.00
24.29 306 150.00
24.30 307 150.00
24.29 308 150.00
24.33 309 150.00
24.34 310 150.00
24.31 311 150.00
24.36 312 150.00
24.33 313 150.00
24.27 314 150.00
24.36 315 150.00
24.33 316 150.00
24.40 317 150.00
24.34 318 150.00
24.38 319 150.00
24.35 320 150.00
24.41 321 150.00
24.44 322 150.00
24.33 323 150.00
24.38 324 150.00
24.37 325 150.00
24.33 326 150.00
24.36 327 150.00
24.38 328 150.00
24.34 329 150.00
24.36 330 150.00
24.38 331 150.00
24.42 332 150.00
24.38 333 150.00
24.42 334 150.00
24.42 335 150.00
24.34 336 150.00
24.34 337 150.00
24.36 338 150.00
24.37 339 150.00
24.34 340 150.00
24.34 341 150.00
24.35 342 150.00
24.38 343 150.00
24.41 344 150.00
24.36 345 150.00
24.36 346 150.00
24.38 347 150.00
24.37 348 150.00
24.36 349 150.00
24.35 350 150.00
24.35 351 150.00
24.38 352 150.00
24.44 353 150.00
24.38 354 150.00
24.40 355 150.00
24.33 356 150.00
24.41 357 150.00
24.42 358 150.00
24.33 359 150.00
24.34 360 150.00
24.34 361 150.00
24.36 362 150.00
24.29 363 150.00
24.31 364 150.00
24.33 365 150.00
24.33 366 150.00
24.33 367 150.00
24.34 368 150.00
24.29 369 150.00
24.37 370 150.00
24.35 371 150.00
24.31 372 150.00
24.31 373 150.00
24.35 374 150.00
24.31 375 150.00
24.29 376 150.00
24.30 377 150.00
24.33 378 150.00
24.36 379 150.00
24.33 380 150.00
24.38 381 150.00
24.33 382 150.00
24.36 383 150.00
24.35 384 150.00
24.33 385 150.00
24.29 386 150.00
24.30 387 150.00
24.35 388 150.00
24.31 389 150.00
24.36 390 150.00
24.33 391 150.00
24.27 392 150.00
24.33 393 150.00
24.33 394 150.00
24.33 395 150.00
24.33 396 150.00
24.27 397 150.00
24.30 398 150.00
24.40 399 150.00
24.33 400 150.00
24.40 401 150.00
24.25 402 150.00
24.29 403 150.00
24.34 404 150.00
24.35 405 150.00
24.34 406 150.00
24.29 407 150.00
24.27 408 150.00
24.34 409 150.00
24.23 410 150.00
24.31 411 150.00
24.25 412 150.00
24.33 413 150.00
24.25 414 150.00
24.25 415 150.00
24.31 416 150.00
24.24 417 150.00
24.35 418 150.00
24.25 419 150.00
24.31 420 150.00
24.27 421 150.00
24.29 422 150.00
24.27 423 150.00
24.27 424 150.00
24.27 425 150.00
24.29 426 150.00
24.30 427 150.00
24.27 428 150.00
24.22 429 150.00
24.30 430 150.00
24.27 431 150.00
24.24 432 150.00
24.31 433 150.00
24.31 434 150.00
24.29 435 150.00
24.35 436 150.00
24.20 437 150.00
24.29 438 150.00
24.29 439 150.00
24.31 440 150.00
24.29 441 150.00
24.31 442 150.00
24.25 443 150.00
24.27 444 150.00
24.22 445 150.00
24.27 446 150.00
24.31 447 150.00
24.25 448 150.00
24.27 449 150.00
24.30 450 150.00
24.30 451 150.00
24.34 452 150.00
24.36 453 150.00
24.31 454 150.00
24.30 455 150.00
24.30 456 150.00
24.25 457 150.00
24.31 458 150.00
24.27 459 150.00
24.31 460 150.00
24.37 461 150.00
24.29 462 150.00
24.25 463 150.00
24.23 464 150.00
24.29 465 150.00
24.35 466 150.00
24.31 467 150.00
24.30 468 150.00
24.34 469 150.00
24.31 470 150.00
24.33 471 150.00
24.25 472 150.00
24.29 473 150.00
24.35 474 150.00
24.27 475 150.00
24.30 476 150.00
24.34 477 150.00
24.36 478 150.00
24.38 479 150.00
24.37 480 150.00
24.37 481 150.00
24.36 482 150.00
24.30 483 150.00
24.35 484 150.00
24.33 485 150.00
24.36 486 150.00
nan 487 0.00
nan 488 0.00
nan 489 0.00
nan 490 0.00
nan 491 0.00
nan 492 0.00
nan 493 0.00
nan 494 0.00
nan 495 0.00
nan 496 0.00
nan 497 0.00
nan 498 0.00
nan 499 0.00
nan 500 0.00
nan 501 0.00
nan 502 0.00
nan 503 0.00
nan 504 0.00
nan 505 0.00
nan 506 0.00
nan 507 0.00
nan 508 0.00
nan 509 0.00
nan 510 0.00
nan 511 0.00
nan 512 0.00
nan 513 0.00
nan 514 0.00
nan 515 0.00
nan 516 0.00
nan 517 0.00
nan 518 0.00
nan 519 0.00
nan 520 0.00
nan 521 0.00
nan 522 0.00
nan 523 0.00
nan 524 0.00
nan 525 0.00
nan 526 0.00
nan 527 0.00
nan 528 0.00
nan 529 0.00
nan 530 0.00
nan 531 0.00
nan 532 0.00
nan 533 0.00
nan 534 0.00
nan 535 0.00
nan 536 0.00
nan 537 0.00
nan 538 0.00
nan 539 0.00
nan 540 0.00
24.24 541 150.00
24.14 542 150.00
24.25 543 150.00
24.20 544 150.00
24.19 545 150.00
24.23 546 150.00
24.16 547 150.00
24.27 548 150.00
24.20 549 150.00
