24.22 1 150.00
24.20 2 150.00
24.22 3 150.00
24.22 4 150.00
24.33 5 150.00
24.27 6 150.00
24.31 7 150.00
24.27 8 150.00
24.23 9 150.00
24.31 10 150.00
24.29 11 150.00
24.34 12 150.00
24.29 13 150.00
24.35 14 150.00
24.27 15 150.00
24.35 16 150.00
24.33 17 150.00
24.35 18 150.00
24.33 19 150.00
24.30 20 150.00
24.27 21 150.00
24.37 22 150.00
24.29 23 150.00
24.33 24 150.00
24.35 25 150.00
24.27 26 150.00
24.25 27 150.00
24.25 28 150.00
24.27 29 150.00
24.33 30 150.00
24.27 31 150.00
24.30 32 150.00
24.27 33 150.00
24.27 34 150.00
24.23 35 150.00
24.27 36 150.00
24.27 37 150.00
24.23 38 150.00
24.27 39 150.00
24.30 40 150.00
24.31 41 150.00
24.25 42 150.00
24.20 43 150.00
24.29 44 150.00
24.34 45 150.00
24.27 46 150.00
24.37 47 150.00
24.25 48 150.00
24.34 49 150.00
24.23 50 150.00
24.41 51 150.00
24.27 52 150.00
24.20 53 150.00
24.27 54 150.00
24.25 55 150.00
24.27 56 150.00
24.31 57 150.00
24.33 58 150.00
24.25 59 150.00
24.31 60 150.00
24.27 61 150.00
24.27 62 150.00
24.24 63 150.00
24.25 64 150.00
24.25 65 150.00
24.30 66 150.00
24.27 67 150.00
24.27 68 150.00
24.20 69 150.00
24.30 70 150.00
24.25 71 150.00
24.24 72 150.00
24.19 73 150.00
24.27 74 150.00
24.27 75 150.00
24.29 76 150.00
24.27 77 150.00
24.27 78 150.00
24.29 79 150.00
24.33 80 150.00
24.29 81 150.00
24.27 82 150.00
24.27 83 150.00
24.33 84 150.00
24.27 85 150.00
24.24 86 150.00
24.35 87 150.00
24.30 88 150.00
24.31 89 150.00
24.31 90 150.00
24.38 91 150.00
24.27 92 150.00
24.27 93 150.00
24.34 94 150.00
24.27 95 150.00
24.38 96 150.00
24.41 97 150.00
24.34 98 150.00
24.42 99 150.00
24.40 100 150.00
24.41 101 150.00
24.38 102 150.00
24.41 103 150.00
24.47 104 150.00
nan 105 0.00
nan 106 0.00
nan 107 0.00
nan 108 0.00
nan 109 0.00
nan 110 0.00
nan 111 0.00
nan 112 0.00
nan 113 0.00
nan 114 0.00
nan 115 0.00
nan 116 0.00
nan 117 0.00
nan 118 0.00
nan 119 0.00
nan 120 0.00
nan 121 0.00
nan 122 0.00
nan 123 0.00
nan 124 0.00
nan 125 0.00
nan 126 0.00
nan 127 0.00
nan 128 0.00
nan 129 0.00
nan 130 0.00
nan 131 0.00
nan 132 0.00
nan 133 0.00
nan 134 0.00
24.20 135 150.00
24.14 136 150.00
24.24 137 150.00
24.13 138 150.00
24.12 139 150.00
24.07 140 150.00
24.12 141 150.00
24.11 142 150.00
24.13 143 150.00
24.12 144 150.00
24.11 145 150.00
24.20 146 150.00
24.16 147 150.00
24.20 148 150.00
24.25 149 150.00
24.12 150 150.00
24.19 151 150.00
24.20 152 150.00
24.24 153 150.00
24.22 154 150.00
24.19 155 150.00
24.13 156 150.00
24.22 157 150.00
