0.00
24.33 797 150.00
24.33 798 150.00
24.37 1 150.00
24.23 2 150.00
24.29 3 150.00
24.40 4 150.00
24.31 5 150.00
24.33 6 150.00
24.37 7 150.00
24.34 8 150.00
24.33 9 150.00
24.31 10 150.00
24.33 11 150.00
24.34 12 150.00
24.31 13 150.00
24.36 14 150.00
24.31 15 150.00
24.36 16 150.00
24.34 17 150.00
24.40 18 150.00
24.31 19 150.00
24.40 20 150.00
24.33 21 150.00
24.42 22 150.00
24.38 23 150.00
24.37 24 150.00
24.34 25 150.00
24.31 26 150.00
24.35 27 150.00
24.34 28 150.00
24.36 29 150.00
24.34 30 150.00
24.36 31 150.00
24.33 32 150.00
24.31 33 150.00
24.36 34 150.00
24.37 35 150.00
24.36 36 150.00
24.29 37 150.00
24.30 38 150.00
24.30 39 150.00
24.40 40 150.00
24.35 41 150.00
24.33 42 150.00
24.33 43 150.00
24.30 44 150.00
24.34 45 150.00
24.33 46 150.00
24.25 47 150.00
nan 48 0.00
nan 49 0.00
nan 50 0.00
nan 51 0.00
nan 52 0.00
nan 53 0.00
nan 54 0.00
nan 55 0.00
nan 56 0.00
nan 57 0.00
nan 58 0.00
nan 59 0.00
nan 60 0.00
nan 61 0.00
nan 62 0.00
nan 63 0.00
nan 64 0.00
nan 65 0.00
nan 66 0.00
nan 67 0.00
nan 68 0.00
nan 69 0.00
nan 70 0.00
nan 71 0.00
nan 72 0.00
nan 73 0.00
nan 74 0.00
nan 75 0.00
nan 76 0.00
nan 77 0.00
24.20 78 150.00
24.16 79 150.00
24.24 80 150.00
24.23 81 150.00
24.13 82 150.00
24.29 83 150.00
24.22 84 150.00
24.20 85 150.00
24.23 86 150.00
24.19 87 150.00
24.25 88 150.00
24.23 89 150.00
24.29 90 150.00
24.25 91 150.00
24.25 92 150.00
24.20 93 150.00
24.33 94 150.00
24.30 95 150.00
24.33 96 150.00
24.27 97 150.00
24.25 98 150.00
24.29 99 150.00
24.27 100 150.00
24.30 101 150.00
24.29 102 150.00
24.27 103 150.00
24.24 104 150.00
24.30 105 150.00
24.30 106 150.00
24.29 107 150.00
24.36 108 150.00
24.24 109 150.00
24.27 110 150.00
24.34 111 150.00
24.31 112 150.00
24.29 113 150.00
24.34 114 150.00
24.29 115 150.00
24.35 116 150.00
24.36 117 150.00
24.33 118 150.00
24.35 119 150.00
24.45 120 150.00
24.37 121 150.00
24.35 122 150.00
24.33 123 150.00
24.45 124 150.00
24.37 125 150.00
24.41 126 150.00
24.40 127 150.00
24.38 128 150.00
24.44 129 150.00
24.48 130 150.00
24.44 131 150.00
24.44 132 150.00
24.45 133 150.00
24.45 134 150.00
24.46 135 150.00
24.55 136 150.00
29.48 137 150.00
29.47 138 150.00
29.50 139 150.00
29.43 140 150.00
29.52 141 150.00
29.47 142 150.00
29.49 143 150.00
29.50 144 150.00
29.43 145 150.00
29.39 146 150.00
29.41 147 150.00
29.52 148 150.00
29.49 149 150.00
29.47 150 150.00
29.44 151 150.00
29.52 152 150.00
29.57 153 150.00
29.45 154 150.00
29.45 155 150.00
29.39 156 150.00
29.50 157 150.00
29.47 158 150.00
29.56 159 150.00
29.47 160 150.00
29.54 161 150.00
29.54 162 150.00
29.48 163 150.00
29.52 164 150.00
29.59 165 150.00
29.52 166 150.00
29.52 167 150.00
29.52 168 150.00
29.49 169 150.00
29.56 170 150.00
29.57 171 150.00
29.52 172 150.00
29.56 173 150.00
29.52 174 150.00
29.52 175 150.00
29.50 176 150.00
29.52 177 150.00
29.45 178 150.00
29.59 179 150.00
29.61 180 150.00
29.57 181 150.00
29.61 182 150.00
29.56 183 150.00
29.52 184 150.00
29.52 185 150.00
29.50 186 150.00
29.57 187 150.00
29.52 188 150.00
29.45 189 150.00
29.50 190 150.00
29.47 191 150.00
29.54 192 150.00
29.44 193 150.00
29.47 194 150.00
29.47 195 150.00
29.52 196 150.00
29.52 197 150.00
29.52 198 150.00
29.52 199 150.00
29.54 200 150.00
29.50 201 150.00
29.52 202 150.00
29.45 203 150.00
29.56 204 150.00
29.54 205 150.00
29.50 206 150.00
29.52 207 150.00
29.59 208 150.00
29.52 209 150.00
29.59 210 150.00
29.57 211 150.00
29.50 212 150.00
29.52 213 150.00
29.57 214 150.00
29.52 215 150.00
29.56 216 150.00
29.57 217 150.00
29.59 218 150.00
29.54 219 150.00
29.57 220 150.00
29.57 221 150.00
29.56 222 150.00
31.09 223 150.00
nan 224 0.00
nan 225 0.00
nan 226 0.00
nan 227 0.00
nan 228 0.00
nan 229 0.00
nan 230 0.00
nan 231 0.00
nan 232 0.00
nan 233 0.00
nan 234 0.00
nan 235 0.00
nan 236 0.00
nan 237 0.00
nan 238 0.00
nan 239 0.00
nan 240 0.00
nan 241 0.00
nan 242 0.00
nan 243 0.00
nan 244 0.00
nan 245 0.00
nan 246 0.00
nan 247 0.00
nan 248 0.00
nan 249 0.00
nan 250 0.00
nan 251 0.00
nan 252 0.00
nan 253 0.00
nan 254 0.00
nan 255 0.00
nan 256 0.00
nan 257 0.00
nan 258 0.00
nan 259 0.00
nan 260 0.00
nan 261 0.00
nan 262 0.00
nan 263 0.00
nan 264 0.00
nan 265 0.00
nan 266 0.00
nan 267 0.00
nan 268 0.00
nan 269 0.00
nan 270 0.00
nan 271 0.00
nan 272 0.00
nan 273 0.00
nan 274 0.00
nan 275 0.00
nan 276 0.00
nan 277 0.00
nan 278 0.00
nan 279 0.00
nan 280 0.00
nan 281 0.00
nan 282 0.00
nan 283 0.00
nan 284 0.00
nan 285 0.00
nan 286 0.00
nan 287 0.00
nan 288 0.00
nan 289 0.00
nan 290 0.00
nan 291 0.00
nan 292 0.00
nan 293 0.00
nan 294 0.00
nan 295 0.00
nan 296 0.00
nan 297 0.00
nan 298 0.00
nan 299 0.00
nan 300 0.00
nan 301 0.00
nan 302 0.00
nan 303 0.00
nan 304 0.00
nan 305 0.00
nan 306 0.00
nan 307 0.00
nan 308 0.00
nan 309 0.00
nan 310 0.00
nan 311 0.00
nan 312 0.00
29.61 313 150.00
29.28 314 150.00
29.31 315 150.00
29.31 316 150.00
29.27 317 150.00
29.31 318 150.00
29.28 319 150.00
29.37 320 150.00
29.49 321 150.00
29.28 322 150.00
24.66 323 150.00
24.45 324 150.00
24.40 325 150.00
24.37 326 150.00
24.42 327 150.00
24.44 328 150.00
24.69 329 150.00
25.73 330 150.00
25.68 331 150.00
29.39 332 150.00
29.18 333 150.00
29.16 334 150.00
28.91 335 150.00
28.74 336 150.00
28.30 337 150.00
24.77 338 150.00
24.62 339 150.00
24.53 340 150.00
24.42 341 150.00
24.49 342 150.00
24.52 343 150.00
24.53 344 150.00
24.45 345 150.00
24.51 346 150.00
24.52 347 150.00
26.39 348 150.00
24.55 349 150.00
24.51 350 150.00
24.52 351 150.00
24.51 352 150.00
24.46 353 150.00
24.51 354 150.00
24.45 355 150.00
24.52 356 150.00
24.52 357 150.00
24.52 358 150.00
24.48 359 150.00
24.48 360 150.00
24.44 361 150.00
24.52 362 150.00
24.46 363 150.00
24.49 364 150.00
24.51 365 150.00
24.48 366 150.00
24.45 367 150.00
24.45 368 150.00
24.49 369 150.00
24.55 370 150.00
24.46 371 150.00
24.45 372 150.00
24.47 373 150.00
24.46 374 150.00
24.47 375 150.00
24.45 376 150.00
24.46 377 150.00
24.45 378 150.00
24.49 379 150.00
24.42 380 150.00
24.45 381 150.00
24.44 382 150.00
24.44 383 150.00
24.48 384 150.00
24.44 385 150.00
24.38 386 150.00
24.46 387 150.00
24.47 388 150.00
24.44 389 150.00
24.45 390 150.00
24.45 391 150.00
24.46 392 150.00
24.45 393 150.00
24.34 394 150.00
24.42 395 150.00
24.38 396 150.00
24.35 397 150.00
24.46 398 150.00
24.47 399 150.00
24.47 400 150.00
24.37 401 150.00
24.34 402 150.00
24.42 403 150.00
24.42 404 150.00
24.45 405 150.00
24.44 406 150.00
24.36 407 150.00
24.46 408 150.00
24.40 409 150.00
24.40 410 150.00
24.42 411 150.00
24.31 412 150.00
24.40 413 150.00
24.44 414 150.00
24.40 415 150.00
24.42 416 150.00
24.33 417 150.00
24.46 418 150.00
24.40 419 150.00
24.38 420 150.00
24.33 421 150.00
24.48 422 150.00
24.37 423 150.00
24.37 424 150.00
24.35 425 150.00
24.33 426 150.00
24.34 427 150.00
24.37 428 150.00
24.37 429 150.00
24.37 430 150.00
24.35 431 150.00
24.42 432 150.00
24.36 433 150.00
24.37 434 150.00
24.40 435 150.00
24.42 436 150.00
24.36 437 150.00
24.36 438 150.00
24.37 439 150.00
24.37 440 150.00
24.33 441 150.00
24.40 442 150.00
24.44 443 150.00
24.40 444 150.00
24.37 445 150.00
24.40 446 150.00
24.40 447 150.00
24.44 448 150.00
24.36 449 150.00
24.36 450 150.00
24.46 451 150.00
24.44 452 150.00
24.35 453 150.00
24.29 454 150.00
24.37 455 150.00
24.42 456 150.00
24.42 457 150.00
24.40 458 150.00
24.38 459 150.00
24.30 460 150.00
24.40 461 150.00
24.33 462 150.00
24.29 463 150.00
24.33 464 150.00
24.35 465 150.00
24.38 466 150.00
24.38 467 150.00
24.35 468 150.00
24.42 469 150.00
24.34 470 150.00
24.36 471 150.00
24.45 472 150.00
24.33 473 150.00
24.40 474 150.00
24.44 475 150.00
24.38 476 150.00
24.40 477 150.00
24.44 478 150.00
24.40 479 150.00
24.45 480 150.00
24.37 481 150.00
24.45 482 150.00
24.36 483 150.00
24.42 484 150.00
24.46 485 150.00
24.42 486 150.00
24.40 487 150.00
24.42 488 150.00
24.42 489 150.00
24.44 490 150.00
24.45 491 150.00
24.38 492 150.00
24.41 493 150.00
24.45 494 150.00
24.45 495 150.00
24.38 496 150.00
24.40 497 150.00
24.37 498 150.00
24.36 499 150.00
24.36 500 150.00
24.36 501 150.00
24.36 502 150.00
24.34 503 150.00
24.38 504 150.00
24.41 505 150.00
24.33 506 150.00
24.44 507 150.00
24.36 508 150.00
24.35 509 150.00
24.36 510 150.00
24.36 511 150.00
24.33 512 150.00
24.30 513 150.00
24.33 514 150.00
24.37 515 150.00
24.34 516 150.00
24.36 517 150.00
24.37 518 150.00
24.36 519 150.00
24.35 520 150.00
24.36 521 150.00
24.31 522 150.00
24.30 523 150.00
24.34 524 150.00
24.36 525 150.00
24.33 526 150.00
24.33 527 150.00
24.37 528 150.00
24.29 529 150.00
24.35 530 150.00
24.36 531 150.00
24.36 532 150.00
24.33 533 150.00
24.41 534 150.00
24.37 535 150.00
24.38 536 150.00
24.44 537 150.00
24.30 538 150.00
24.30 539 150.00
24.37 540 150.00
24.27 541 150.00
24.33 542 150.00
24.27 543 150.00
24.29 544 150.00
24.38 545 150.00
24.37 546 150.00
24.36 547 150.00
24.31 548 150.00
24.41 549 150.00
24.37 550 150.00
24.40 551 150.00
24.34 552 150.00
24.29 553 150.00
24.37 554 150.00
24.31 555 150.00
24.31 556 150.00
24.38 557 150.00
24.30 558 150.00
24.33 559 150.00
24.31 560 150.00
24.31 561 150.00
24.34 562 150.00
24.30 563 150.00
24.30 564 150.00
24.36 565 150.00
24.30 566 150.00
24.33 567 150.00
24.37 568 150.00
24.29 569 150.00
24.30 570 150.00
24.31 571 150.00
24.27 572 150.00
24.36 573 150.00
24.31 574 150.00
24.27 575 150.00
24.33 576 150.00
24.24 577 150.00
24.27 578 150.00
24.31 579 150.00
24.34 580 150.00
24.29 581 150.00
24.22 582 150.00
24.29 583 150.00
24.27 584 150.00
24.24 585 150.00
24.31 586 150.00
24.24 587 150.00
24.33 588 150.00
24.20 589 150.00
24.27 590 150.00
24.25 591 150.00
24.27 592 150.00
24.27 593 150.00
24.31 594 150.00
24.31 595 150.00
24.22 596 150.00
24.35 597 150.00
24.29 598 150.00
24.29 599 150.00
24.30 600 150.00
24.29 601 150.00
24.33 602 150.00
24.27 603 150.00
24.30 604 150.00
24.33 605 150.00
24.25 606 150.00
24.25 607 150.00
24.29 608 150.00
24.31 609 150.00
24.33 610 150.00
24.29 611 150.00
24.29 612 150.00
24.29 613 150.00
24.30 614 150.00
24.29 615 150.00
24.31 616 150.00
24.19 617 150.00
24.25 618 150.00
24.29 619 150.00
24.19 620 150.00
24.30 621 150.00
24.27 622 150.00
24.25 623 150.00
24.25 624 150.00
24.30 625 150.00
24.24 626 150.00
24.24 627 150.00
24.25 628 150.00
24.22 629 150.00
24.20 630 150.00
24.29 631 150.00
24.20 632 150.00
24.25 633 150.00
24.31 634 150.00
24.27 635 150.00
24.29 636 150.00
24.25 637 150.00
24.19 638 150.00
24.27 639 150.00
24.29 640 150.00
24.24 641 150.00
24.24 642 150.00
24.27 643 150.00
24.27 644 150.00
24.24 645 150.00
24.24 646 150.00
24.30 647 150.00
24.24 648 150.00
24.30 649 150.00
24.27 650 150.00
24.30 651 150.00
24.33 652 150.00
24.27 653 150.00
24.27 654 150.00
24.38 655 150.00
24.24 656 150.00
24.34 657 150.00
24.35 658 150.00
24.33 659 150.00
24.37 660 150.00
24.36 661 150.00
24.41 662 150.00
24.42 663 150.00
24.41 664 150.00
24.45 665 150.00
24.40 666 150.00
24.37 667 150.00
24.37 668 150.00
24.33 669 150.00
24.38 670 150.00
24.40 671 150.00
24.41 672 150.00
26.70 673 150.00
24.63 674 150.00
24.66 675 150.00
24.49 676 150.00
24.49 677 150.00
24.52 678 150.00
24.45 679 150.00
24.44 680 150.00
24.37 681 150.00
24.44 682 150.00
24.46 683 150.00
24.47 684 150.00
25.57 685 150.00
24.60 686 150.00
24.45 687 150.00
24.48 688 150.00
24.55 689 150.00
24.70 690 150.00
24.51 691 150.00
24.48 692 150.00
24.47 693 150.00
24.46 694 150.00
24.47 695 150.00
24.46 696 150.00
24.57 697 150.00
24.52 698 150.00
24.42 699 150.00
24.49 700 150.00
24.45 701 150.00
24.49 702 150.00
24.51 703 150.00
24.58 704 150.00
24.49 705 150.00
24.47 706 150.00
24.46 707 150.00
24.45 708 150.00
24.48 709 150.00
24.51 710 150.00
24.49 711 150.00
24.55 712 150.00
24.55 713 150.00
24.52 714 150.00
24.57 715 150.00
24.53 716 150.00
24.58 717 150.00
24.59 718 150.00
24.58 719 150.00
24.55 720 150.00
24.55 721 150.00
24.53 722 150.00
nan 723 0.00
nan 724 0.00
nan 725 0.00
nan 726 0.00
nan 727 0.00
nan 728 0.00
nan 729 0.00
nan 730 0.00
nan 731 0.00
nan 732 0.00
nan 733 0.00
nan 734 0.00
nan 735 0.00
nan 736 0.00
nan 737 0.00
24.40 738 150.00
24.36 739 150.00
24.45 740 150.00
24.46 741 150.00
24.46 742 150.00
nan 743 0.00
nan 744 0.00
nan 745 0.00
nan 746 0.00
nan 747 0.00
nan 748 0.00
nan 749 0.00
nan 750 0.00
nan 751 0.00
nan 752 0.00
nan 753 0.00
nan 754 0.00
nan 755 0.00
nan 756 0.00
nan 757 0.00
nan 758 0.00
nan 759 0.00
nan 760 0.00
nan 761 0.00
nan 762 0.00
nan 763 0.00
nan 764 0.00
nan 765 0.00
nan 766 0.00
nan 767 0.00
nan 768 0.00
nan 769 0.00
nan 770 0.00
nan 771 0.00
nan 772 0.00
nan 773 0.00
nan 774 0.00
nan 775 0.00
nan 776 0.00
nan 777 0.00
nan 778 0.00
nan 779 0.00
nan 780 0.00
nan 781 0.00
nan 782 0.00
nan 783 0.00
nan 784 0.00
24.25 785 150.00
24.27 786 150.00
24.25 787 150.00
24.33 788 150.00
25.04 789 150.00
25.20 790 150.00
24.84 791 150.00
27.49 792 150.00
28.52 793 150.00
26.73 794 150.00
25.17 795 150.00
24.84 796 150.00
25.12 797 150.00
24.97 798 150.00
24.75 799 150.00
24.85 800 150.00
24.75 801 150.00
24.73 802 150.00
24.89 803 150.00
25.22 804 150.00
27.38 805 150.00
28.76 806 150.00
28.55 807 150.00
28.43 808 150.00
28.03 809 150.00
27.70 810 150.00
27.45 811 150.00
27.39 812 150.00
27.34 813 150.00
27.42 814 150.00
27.20 815 150.00
27.12 816 150.00
27.05 817 150.00
27.08 818 150.00
27.03 819 150.00
26.87 820 150.00
26.83 821 150.00
26.73 822 150.00
26.77 823 150.00
26.68 824 150.00
26.56 825 150.00
26.55 826 150.00
26.52 827 150.00
26.57 828 150.00
26.63 829 150.00
26.77 830 150.00
26.70 831 150.00
26.65 832 150.00
26.63 833 150.00
26.52 834 150.00
26.55 835 150.00
26.44 836 150.00
26.56 837 150.00
26.44 838 150.00
26.35 839 150.00
26.37 840 150.00
26.46 841 150.00
26.48 842 150.00
26.43 843 150.00
26.41 844 150.00
26.43 845 150.00
26.52 846 150.00
26.41 847 150.00
26.44 848 150.00
26.37 849 150.00
26.39 850 150.00
26.35 851 150.00
26.37 852 150.00
26.37 853 150.00
26.37 854 150.00
26.30 855 150.00
26.30 856 150.00
26.27 857 150.00
26.16 858 150.00
26.23 859 150.00
26.14 860 150.00
26.16 861 150.00
26.05 862 150.00
26.07 863 150.00
25.73 864 150.00
24.51 865 150.00
24.42 866 150.00
24.53 867 150.00
24.49 868 150.00
24.53 869 150.00
24.52 870 150.00
24.46 871 150.00
24.51 872 150.00
24.41 873 150.00
24.49 874 150.00
24.46 875 150.00
24.51 876 150.00
24.52 877 150.00
24.44 878 150.00
24.49 879 150.00
24.45 880 150.00
24.48 881 150.00
25.09 882 150.00
24.79 883 150.00
24.98 884 150.00
24.46 885 150.00
24.44 886 150.00
24.49 887 150.00
24.48 888 150.00
24.55 889 150.00
24.52 890 150.00
24.51 891 150.00
24.48 892 150.00
24.42 893 150.00
24.41 894 150.00
24.42 895 150.00
24.58 896 150.00
24.37 897 150.00
24.44 898 150.00
24.37 899 150.00
24.41 900 150.00
24.38 901 150.00
24.40 902 150.00
24.42 903 150.00
24.37 904 150.00
24.38 905 150.00
24.37 906 150.00
24.31 907 150.00
24.42 908 150.00
24.35 909 150.00
24.44 910 150.00
24.37 911 150.00
24.36 912 150.00
24.33 913 150.00
24.37 914 150.00
24.44 915 150.00
24.37 916 150.00
24.33 917 150.00
24.38 918 150.00
24.31 919 150.00
24.40 920 150.00
24.38 921 150.00
24.31 922 150.00
24.41 923 150.00
24.31 924 150.00
24.38 925 150.00
24.31 926 150.00
24.37 927 150.00
24.37 928 150.00
24.33 929 150.00
24.36 930 150.00
24.38 931 150.00
nan 932 0.00
nan 933 0.00
nan 934 0.00
nan 935 0.00
nan 936 0.00
nan 937 0.00
nan 938 0.00
nan 939 0.00
nan 940 0.00
nan 941 0.00
nan 942 0.00
nan 943 0.00
nan 944 0.00
nan 945 0.00
nan 946 0.00
nan 947 0.00
nan 948 0.00
nan 949 0.00
nan 950 0.00
nan 951 0.00
nan 952 0.00
nan 953 0.00
nan 954 0.00
nan 955 0.00
nan 956 0.00
nan 957 0.00
nan 958 0.00
nan 959 0.00
nan 960 0.00
nan 961 0.00
nan 962 0.00
nan 963 0.00
nan 964 0.00
nan 965 0.00
nan 966 0.00
nan 967 0.00
nan 968 0.00
nan 969 0.00
nan 970 0.00
nan 971 0.00
nan 972 0.00
nan 973 0.00
nan 974 0.00
nan 975 0.00
nan 976 0.00
nan 977 0.00
24.22 978 150.00
24.18 979 150.00
24.18 980 150.00
24.19 981 150.00
24.16 982 150.00
24.27 983 150.00
24.27 984 150.00
24.19 985 150.00
24.24 986 150.00
24.19 987 150.00
24.30 988 150.00
24.27 989 150.00
24.24 990 150.00
24.24 991 150.00
24.24 992 150.00
24.27 993 150.00
24.24 994 150.00
24.24 995 150.00
24.31 996 150.00
24.22 997 150.00
24.27 998 150.00
24.31 999 150.00
24.19 1000 150.00
24.31 1001 150.00
24.35 1002 150.00
24.37 1003 150.00
24.27 1004 150.00
24.33 1005 150.00
24.27 1006 150.00
24.27 1007 150.00
