21.65 1 150.00
21.66 2 150.00
21.71 3 150.00
21.67 4 150.00
21.63 5 150.00
21.67 6 150.00
21.72 7 150.00
21.70 8 150.00
21.76 9 150.00
21.70 10 150.00
21.70 11 150.00
21.70 12 150.00
21.65 13 150.00
21.76 14 150.00
21.78 15 150.00
21.73 16 150.00
21.71 17 150.00
21.62 18 150.00
21.71 19 150.00
21.76 20 150.00
21.72 21 150.00
21.68 22 150.00
21.72 23 150.00
21.74 24 150.00
21.77 25 150.00
21.66 26 150.00
21.68 27 150.00
21.70 28 150.00
21.71 29 150.00
21.71 30 150.00
21.71 31 150.00
21.73 32 150.00
21.71 33 150.00
21.73 34 150.00
21.73 35 150.00
