31.89
31.89
31.89
31.89
31.84
31.82
31.87
31.86
31.88
31.93
31.89
31.94
32.0
32.01
32.01
32.14
32.16
32.2
32.27
32.27
32.45
32.45
32.49
32.58
32.66
32.67
32.88
32.88
32.88
32.95
32.99
33.2
33.28
33.35
33.38
33.48
33.55
33.63
33.68
33.77
33.88
33.96
33.98
34.06
34.13
34.24
34.27
34.25
34.43
34.47
34.53
34.63
34.67
34.7
34.78
34.81
34.9
34.99
35.06
35.16
35.19
35.24
35.32
35.35
35.46
35.46
35.55
35.55
35.65
35.73
35.71
35.84
35.84
35.91
35.89
36.02
36.05
36.06
36.13
36.16
36.2
36.23
36.27
36.34
36.38
36.43
36.49
36.52
36.59
36.61
36.7
36.74
36.74
36.77
36.79
36.84
36.91
36.84
36.97
37.02
37.07
37.02
37.09
37.16
37.16
37.18
37.28
37.28
37.3
37.35
37.34
37.42
37.45
37.47
37.49
37.55
37.56
37.56
37.61
37.65
37.7
37.67
37.76
37.77
37.78
37.84
37.78
37.9
37.84
37.95
38.02
38.02
38.01
37.99
38.09
38.13
38.05
38.13
38.21
38.14
38.16
38.23
38.28
38.3
38.3
38.28
38.33
38.36
38.38
38.46
38.46
38.48
38.44
38.49
38.55
38.55
38.54
38.59
38.64
38.66
38.65
38.69
38.67
38.72
38.72
38.7
38.76
38.83
38.8
38.82
38.78
38.83
38.82
38.92
38.98
38.94
38.94
39.03
38.96
39.02
38.94
39.0
38.98
39.15
39.09
39.08
39.1
39.15
39.14
39.13
39.14
39.21
39.24
39.2
39.22
39.3
39.37
39.37
39.34
39.34
39.39
39.34
39.35
39.4
39.48
39.41
39.38
39.41
39.42
39.52
39.44
39.52
39.52
39.53
39.5
39.59
39.6
39.62
39.62
39.59
39.63
39.6
39.68
39.63
39.63
39.68
39.64
39.71
39.73
39.76
39.8
39.73
39.78
39.82
39.8
39.84
39.89
39.8
39.84
39.85
39.88
39.89
39.91
39.88
39.97
39.91
39.94
39.98
39.98
39.91
39.98
40.01
40.02
39.99
40.05
40.03
40.01
40.05
40.07
40.01
40.05
40.05
40.1
40.08
40.13
40.12
40.17
40.19
40.12
40.19
40.15
40.2
40.21
40.23
40.2
40.25
40.16
40.27
40.23
40.28
40.21
40.25
40.23
40.27
40.21
40.33
40.3
40.34
40.26
40.35
40.3
40.32
40.35
40.35
40.34
40.39
40.38
40.35
40.39
40.38
40.41
40.39
40.41
40.41
40.38
40.41
40.46
40.38
40.44
40.45
40.45
40.45
40.5
40.43
40.51
40.46
40.48
40.57
40.44
40.48
40.5
40.51
40.59
40.53
40.59
40.55
40.55
40.57
40.61
40.55
40.55
40.57
40.61
40.53
40.55
40.62
40.57
40.59
40.59
40.57
40.64
40.59
40.64
40.59
40.62
40.61
40.61
40.64
40.67
40.61
40.62
40.64
40.64
40.61
40.65
40.65
40.64
40.67
40.67
40.69
40.69
40.76
40.72
40.7
40.73
40.71
40.7
40.72
40.7
40.65
40.67
40.7
40.77
40.73
40.66
40.72
40.66
40.77
40.75
40.72
40.7
40.69
40.73
40.77
40.73
40.72
40.67
40.72
40.72
40.76
40.67
40.76
40.75
40.72
40.73
40.73
40.85
40.76
40.66
40.75
40.75
40.76
40.84
40.77
40.77
40.75
40.75
40.75
40.71
40.8
40.75
40.8
40.72
40.8
40.73
40.73
40.87
40.73
40.8
40.82
40.75
40.75
40.8
40.73
40.8
40.73
40.73
40.72
40.73
40.78
40.72
40.71
40.8
40.67
40.8
40.67
40.67
40.8
40.66
40.75
40.77
40.69
40.82
40.75
40.7
40.65
40.71
40.67
40.72
40.67
40.72
40.69
40.77
40.64
40.7
40.67
40.7
40.69
40.72
40.66
40.67
40.64
40.66
40.72
40.73
40.65
40.67
40.69
40.63
40.67
40.62
40.64
40.7
40.7
40.67
40.64
40.66
40.65
40.61
40.66
40.61
40.61
40.61
40.62
40.57
40.62
40.59
40.61
40.65
40.62
40.59
40.56
40.56
40.59
40.53
40.56
40.53
40.53
40.56
40.48
40.55
40.53
40.56
40.53
40.51
40.53
40.59
40.51
40.52
40.55
40.48
40.46
40.48
40.44
40.51
40.46
40.43
40.48
40.39
40.46
40.45
40.51
40.43
40.39
40.43
40.43
40.48
40.37
40.39
40.41
40.34
40.35
40.45
40.3
40.37
40.35
40.35
40.33
40.32
40.37
40.3
40.3
40.28
40.27
40.3
40.27
40.38
40.25
40.26
40.25
40.3
40.21
40.26
40.23
40.2
40.17
40.21
40.2
40.14
40.17
40.21
40.19
40.17
40.15
40.25
40.15
40.13
40.15
40.15
40.2
40.08
40.1
40.16
40.09
40.08
40.05
40.09
40.15
40.09
40.09
40.03
40.05
40.01
40.02
40.05
40.03
40.05
39.96
40.02
39.98
40.07
39.96
39.99
40.01
39.94
39.99
39.99
39.91
39.92
39.91
39.94
39.9
39.91
39.91
39.94
39.9
39.91
39.84
39.84
39.87
39.89
39.87
39.85
39.82
39.88
39.84
39.8
39.84
39.78
39.78
39.84
39.75
39.71
39.77
39.76
39.71
39.73
39.73
39.68
39.7
39.7
39.68
39.73
39.68
39.66
39.68
39.73
39.73
39.7
39.6
39.66
39.66
39.62
39.66
39.58
39.62
39.6
39.53
39.62
39.55
39.55
39.64
39.55
39.57
39.6
39.55
39.52
39.53
39.48
39.55
39.5
39.55
39.5
39.58
39.5
39.5
39.48
39.5
39.52
39.48
39.48
39.45
39.45
39.48
39.5
39.4
39.39
39.52
39.42
39.48
39.39
39.44
39.41
39.39
39.44
39.42
39.35
39.39
39.42
39.48
39.37
39.41
39.33
39.35
39.32
39.39
39.28
39.34
39.38
39.35
39.38
39.38
39.39
39.35
39.34
39.26
39.32
39.32
39.3
39.3
39.33
39.35
39.28
39.3
39.28
39.32
39.32
39.27
39.26
39.24
39.27
39.28
39.21
39.26
39.27
39.24
39.23
39.23
39.27
39.33
39.24
39.21
39.22
39.2
39.22
39.16
39.22
39.2
39.21
39.16
39.2
39.16
39.14
39.23
39.19
39.19
39.17
39.21
39.17
39.16
39.19
39.14
39.19
39.19
39.16
39.19
39.19
39.06
39.15
39.16
39.16
39.15
39.17
39.16
39.13
39.13
39.19
39.16
39.13
39.12
39.1
39.12
39.14
39.09
39.12
39.12
39.15
39.08
39.03
39.14
39.08
39.1
39.05
39.14
39.1
39.1
39.09
39.01
39.05
39.08
39.03
39.09
39.05
39.08
39.08
38.98
39.05
39.0
39.01
39.0
39.05
39.05
39.01
38.96
39.0
39.02
39.03
39.01
39.02
38.98
39.02
39.02
39.02
38.98
39.0
38.95
39.03
39.01
39.02
39.08
39.05
38.98
38.98
39.01
38.98
38.9
38.9
38.95
39.03
39.0
38.96
38.92
38.98
39.0
38.98
38.94
38.94
38.89
38.89
38.95
38.95
39.01
38.9
38.92
38.87
38.89
38.9
38.87
38.92
38.98
38.88
38.87
38.94
38.95
38.85
38.88
38.92
38.82
38.8
38.88
38.82
38.94
38.89
38.94
38.85
38.83
38.89
38.88
38.9
38.91
38.84
38.88
38.8
38.88
38.85
38.85
38.8
38.83
38.8
38.82
38.74
38.87
38.8
38.84
38.87
38.8
38.83
38.77
38.82
38.8
38.74
38.77
38.84
38.76
38.8
38.85
38.77
38.83
38.77
38.8
38.76
38.8
38.76
38.84
38.77
38.82
38.78
38.77
38.77
38.8
38.8
38.73
38.76
38.76
38.72
38.66
38.78
38.74
38.73
38.76
38.74
38.84
38.71
38.71
38.76
38.8
38.67
38.69
38.78
38.66
38.73
38.71
38.64
38.64
38.71
38.7
38.72
38.63
38.74
38.69
38.72
38.66
38.69
38.71
38.64
38.64
38.64
38.64
38.7
38.67
38.7
38.64
38.69
38.7
38.69
38.66
38.62
38.66
38.59
38.59
38.69
38.69
38.64
38.62
38.65
38.63
38.59
38.59
38.67
38.67
38.63
38.59
38.55
38.56
38.66
38.64
38.59
38.55
38.58
38.54
38.63
38.65
38.62
38.58
38.62
38.54
38.59
38.59
38.53
38.51
38.58
38.6
38.59
38.51
38.53
38.58
38.55
38.67
38.53
38.51
38.56
38.56
38.52
38.49
38.54
38.51
38.51
38.53
38.6
38.51
38.59
38.54
38.59
38.51
38.49
38.51
38.51
38.49
38.54
38.45
38.49
38.46
38.46
38.55
38.47
38.51
38.45
38.52
38.55
38.51
38.54
38.46
38.59
38.53
38.47
38.46
38.49
38.48
38.46
38.47
38.41
38.45
38.48
38.42
38.51
38.44
38.47
38.48
38.48
38.47
38.45
38.46
38.44
38.38
38.46
38.48
38.45
38.46
38.42
38.38
38.41
38.36
38.42
38.41
38.53
38.38
38.47
38.36
38.42
38.44
38.41
38.41
38.4
38.41
38.46
38.41
38.45
38.36
38.4
38.41
38.38
38.38
38.36
38.35
38.44
38.36
38.36
38.36
38.34
38.36
38.34
38.38
38.4
38.41
38.34
38.35
38.33
38.31
38.35
38.36
38.31
38.3
38.36
38.41
38.33
38.3
38.34
38.38
38.33
38.38
38.33
38.4
38.3
38.33
38.34
38.27
38.27
38.3
38.27
38.28
38.3
38.28
38.31
38.31
38.28
38.34
38.31
38.3
38.3
38.27
38.3
38.35
38.23
38.31
38.24
38.33
38.26
38.26
38.31
38.3
38.33
38.28
38.28
38.31
38.28
38.22
38.34
38.26
38.26
38.17
38.22
38.3
38.23
38.16
38.26
38.24
38.22
38.19
38.24
38.24
38.22
38.27
38.22
38.24
38.2
38.22
38.2
38.23
38.3
38.22
38.27
38.22
38.19
38.21
38.22
38.24
38.17
38.16
38.22
38.22
38.17
38.17
38.16
38.2
38.16
38.14
38.2
38.21
38.2
38.13
38.19
38.16
38.1
38.14
38.17
38.15
38.16
38.17
38.17
38.2
38.16
38.1
38.14
38.14
38.15
38.15
38.13
38.19
38.12
38.13
38.14
38.21
38.14
38.09
38.14
38.1
38.16
38.15
38.15
38.06
38.12
38.1
38.09
38.1
38.15
38.15
38.08
38.12
38.09
38.06
38.06
38.14
38.06
38.06
38.15
38.06
38.03
38.05
38.06
38.13
38.12
38.01
38.09
38.12
38.12
38.09
38.05
38.09
38.09
38.12
38.03
38.09
38.05
38.05
38.05
38.01
37.99
38.05
38.06
37.99
38.04
38.04
38.05
38.12
38.09
37.99
38.02
38.08
38.05
38.06
37.98
38.12
38.01
38.08
37.91
37.94
37.96
38.03
38.04
38.02
37.99
37.99
38.04
37.99
38.04
37.99
38.02
37.96
38.05
38.05
37.91
37.97
37.99
37.98
38.01
37.99
37.97
37.97
37.97
38.02
38.02
37.99
38.03
38.04
37.98
37.96
37.96
38.02
37.99
37.96
37.98
37.91
37.96
37.94
37.9
37.95
37.94
37.9
37.94
37.99
37.94
37.97
37.88
37.97
37.96
38.03
37.91
37.96
37.92
37.9
37.94
37.95
37.95
37.91
37.95
37.92
37.94
37.88
37.9
37.88
37.91
37.98
37.9
37.91
38.03
37.84
37.96
37.91
37.88
37.96
37.92
37.96
37.94
37.97
37.94
37.92
37.9
37.88
37.88
37.91
37.88
37.88
37.88
37.88
37.91
37.86
37.86
37.83
37.84
37.94
37.83
37.91
37.9
37.84
37.84
37.85
37.78
37.88
37.86
37.88
37.78
37.86
37.92
37.83
37.9
37.86
37.84
37.83
37.81
37.88
37.8
37.84
37.85
37.86
37.86
37.88
37.76
37.78
37.81
37.73
37.83
37.8
37.88
37.81
37.8
37.84
37.83
37.8
37.83
37.83
37.83
37.77
37.8
37.8
37.8
37.81
37.77
37.77
37.78
37.78
37.78
37.78
37.81
37.8
37.8
37.84
37.85
37.8
37.8
37.79
37.78
37.77
37.79
37.83
37.77
37.76
37.77
37.77
37.78
37.76
37.79
37.74
37.78
37.76
37.77
37.77
37.85
37.74
37.74
37.74
37.74
37.77
37.83
37.76
37.76
37.7
37.76
37.77
37.73
37.74
37.74
37.7
37.76
37.76
37.77
37.7
37.76
37.7
37.67
37.67
37.7
37.7
37.74
37.7
37.7
37.68
37.7
37.7
37.68
37.74
37.72
37.68
37.7
37.7
37.67
37.67
37.74
37.74
37.72
37.72
37.73
37.65
37.7
37.73
37.59
37.67
37.7
37.7
37.67
37.7
37.73
37.7
37.65
37.67
37.65
37.63
37.68
37.63
37.67
37.65
37.61
37.66
37.63
37.7
37.61
37.63
37.68
37.65
37.68
37.65
37.63
37.7
37.61
37.7
37.66
37.72
37.63
37.65
37.7
37.63
37.67
37.63
37.61
37.67
37.63
37.63
37.58
37.67
37.58
37.65
37.65
37.58
37.63
37.6
37.58
37.63
37.63
37.6
37.68
37.56
37.6
37.56
37.66
37.6
37.65
37.63
37.6
37.63
37.58
37.56
37.61
37.58
37.56
37.55
37.68
37.6
37.58
37.58
37.65
37.58
37.54
37.55
37.63
37.52
37.59
37.56
37.63
37.58
37.63
37.59
37.59
37.58
37.56
37.59
37.53
37.61
37.54
37.56
37.56
37.55
37.56
37.61
37.6
37.56
37.6
37.55
37.53
37.56
37.55
37.54
37.52
37.55
37.56
37.56
37.52
37.54
37.59
37.55
37.53
37.54
37.59
37.52
37.52
37.54
37.56
37.55
37.59
37.48
37.46
37.48
37.49
37.51
37.53
37.58
37.49
37.46
37.54
37.47
37.53
37.52
37.55
37.49
37.47
37.47
37.51
37.56
37.42
37.41
37.49
37.51
37.54
37.49
37.54
37.48
37.42
37.48
37.46
37.48
37.48
37.47
37.51
37.52
37.51
37.55
37.47
37.49
37.46
37.49
37.51
37.47
37.47
37.45
37.43
37.42
37.4
37.45
37.38
37.41
37.41
37.4
37.42
37.42
37.45
37.43
37.4
37.46
37.41
37.38
37.42
37.43
37.43
37.41
37.46
37.42
37.36
37.41
37.43
37.4
37.43
37.36
37.43
37.4
37.4
37.36
37.4
37.38
37.38
37.33
37.38
37.38
37.4
37.4
37.41
37.41
37.43
37.38
37.36
37.34
37.38
37.41
37.4
37.31
37.41
37.4
37.36
37.34
37.34
37.31
37.36
37.4
37.41
37.31
37.36
37.38
37.36
37.38
37.38
37.38
37.35
37.29
37.33
37.38
37.36
37.31
37.34
37.3
37.34
37.34
37.35
37.29
37.4
37.34
37.34
37.31
37.38
37.28
37.35
37.38
37.27
37.34
37.28
37.22
37.28
37.3
37.34
37.35
37.27
37.3
37.3
37.3
37.25
37.23
37.25
37.35
37.38
37.3
37.33
37.27
37.3
37.36
37.28
37.29
37.27
37.3
37.24
37.3
37.3
37.2
37.3
37.3
37.23
37.29
37.31
37.29
37.3
37.23
37.28
37.3
37.31
37.25
37.28
37.24
37.28
37.3
37.24
37.23
37.2
37.24
37.2
37.23
37.25
37.18
37.3
37.22
37.22
37.22
37.28
37.22
37.29
37.3
37.22
37.27
37.2
37.23
37.24
37.18
37.22
37.3
37.3
37.2
37.25
37.2
37.16
37.2
37.22
37.31
37.23
37.23
37.17
37.18
37.23
37.17
37.2
37.22
37.15
37.28
37.17
37.24
37.18
37.17
37.23
37.18
37.17
37.22
37.15
37.13
37.16
37.18
37.18
37.2
37.17
37.18
37.2
37.22
37.18
37.15
37.13
37.11
37.22
37.15
37.2
37.17
37.22
37.2
37.17
37.2
37.2
37.13
37.23
37.17
37.13
37.16
37.07
37.13
37.15
37.13
37.1
37.17
37.18
37.13
37.22
37.17
37.16
37.13
37.13
37.1
37.16
37.13
37.17
37.11
37.13
37.1
37.07
37.11
37.16
37.06
37.15
37.09
37.1
37.07
37.1
37.13
37.11
37.13
37.1
37.09
36.99
37.07
37.07
37.11
37.07
37.16
37.1
37.13
37.07
37.1
37.13
37.15
37.1
37.13
37.09
37.11
37.13
37.13
37.07
37.16
37.07
37.15
37.07
37.13
37.07
37.13
37.11
37.07
37.07
37.07
37.07
37.09
37.05
37.05
37.07
37.11
37.02
36.97
37.04
37.09
37.02
37.04
37.05
37.04
37.13
37.04
37.11
37.04
37.02
37.05
37.06
37.05
37.06
37.05
37.06
37.07
37.05
36.98
37.02
37.06
37.05
36.98
37.05
36.98
37.0
37.02
36.98
36.98
37.0
36.98
36.98
36.97
37.0
36.97
37.05
37.05
37.05
36.98
36.97
36.98
36.99
37.04
37.05
36.93
37.0
36.95
37.02
36.97
36.91
36.98
37.0
37.0
36.91
37.0
36.97
36.99
37.05
36.97
37.02
37.02
36.99
37.02
36.97
36.95
36.97
36.97
37.02
36.99
36.97
37.02
37.02
36.91
36.95
36.93
36.93
36.95
36.95
36.95
36.91
37.02
36.91
36.93
36.95
36.97
36.91
36.95
36.88
36.89
36.91
36.88
36.97
36.95
36.95
37.0
36.91
36.91
36.91
36.93
36.97
37.0
36.89
36.97
36.88
36.91
36.93
36.87
36.87
36.93
36.91
36.89
36.95
36.95
36.91
36.88
36.91
36.87
36.97
36.95
36.93
36.91
36.91
36.86
36.89
36.88
36.87
36.87
36.88
36.91
36.87
36.89
36.86
36.89
36.93
36.87
36.86
36.87
36.84
36.87
36.93
36.88
36.81
36.89
36.89
36.91
36.89
36.87
36.87
36.87
36.86
36.77
36.84
36.84
36.91
36.84
36.84
36.86
36.84
36.82
36.82
36.84
36.8
36.87
36.84
36.77
36.84
36.82
36.81
36.81
36.84
36.86
36.86
36.79
36.91
36.82
36.82
36.84
36.8
36.84
36.81
36.81
36.79
36.88
36.88
36.8
36.81
36.77
36.77
36.8
36.77
36.79
36.84
36.82
36.81
36.84
36.77
36.77
36.81
36.77
36.77
36.77
36.81
36.72
36.77
36.8
36.81
36.79
36.74
36.79
36.77
36.84
36.81
36.8
36.81
36.75
36.75
36.79
36.79
36.79
36.74
36.81
36.77
36.77
36.8
36.7
36.77
36.77
36.74
36.84
36.77
36.74
36.74
36.72
36.79
36.74
36.77
36.7
36.8
36.77
36.7
36.77
36.82
36.74
36.68
36.72
36.77
36.73
36.79
36.68
36.79
36.77
36.68
36.74
36.72
36.79
36.73
36.77
36.72
36.77
36.72
36.77
36.74
36.7
36.72
36.7
36.7
36.68
36.72
36.68
36.7
36.7
36.74
36.73
36.72
36.7
36.68
36.75
36.62
36.77
36.7
36.7
36.72
36.72
36.72
36.7
36.68
36.74
36.72
36.65
36.68
36.66
36.68
36.66
36.73
36.75
36.72
36.73
36.7
36.75
36.72
36.7
36.72
36.72
36.65
36.66
36.68
36.65
36.7
36.7
36.66
36.7
36.65
36.7
36.61
36.77
36.72
36.7
36.66
36.63
36.77
36.66
36.73
36.66
36.7
36.66
36.66
36.7
36.63
36.62
36.65
36.67
36.68
36.7
36.68
36.62
36.63
36.63
36.65
36.62
36.68
36.72
36.59
36.66
36.63
36.66
36.67
36.66
36.63
36.65
36.67
36.62
36.61
36.66
36.63
36.62
36.68
36.66
36.61
36.59
36.63
36.62
36.61
36.67
36.61
36.65
36.7
36.63
36.59
36.59
36.65
36.63
36.68
36.61
36.61
36.59
36.59
36.59
36.62
36.59
36.7
36.52
36.59
36.52
36.61
36.62
36.61
36.57
36.7
36.63
36.57
36.62
36.59
36.61
36.55
36.59
36.61
36.55
36.63
36.52
36.55
36.59
36.61
36.57
36.65
36.59
36.61
36.57
36.62
36.59
36.65
36.56
36.55
36.52
36.5
36.55
36.55
36.57
36.52
36.61
36.52
36.57
36.52
36.61
36.5
36.55
36.55
36.65
36.59
36.54
36.57
36.49
36.57
36.52
36.52
36.62
36.52
36.45
36.52
36.55
36.52
36.48
36.52
36.52
36.57
36.57
36.52
36.55
36.52
36.52
36.56
36.59
36.52
36.49
36.55
36.5
36.59
36.5
36.52
36.57
36.52
36.48
36.5
36.52
36.49
36.5
36.57
36.56
36.54
36.5
36.55
36.48
36.48
36.55
36.49
36.55
36.52
36.45
36.52
36.52
36.5
36.48
36.52
36.49
36.44
36.47
36.44
36.52
36.48
36.45
36.5
36.5
36.44
36.52
36.48
36.48
36.54
36.5
36.48
36.52
36.45
36.47
36.52
36.49
36.5
36.47
36.49
36.5
36.52
36.5
36.48
36.43
36.48
36.5
36.44
36.48
36.48
36.39
36.44
36.41
36.38
36.48
36.49
36.52
36.45
36.44
36.45
36.44
36.48
36.39
36.39
36.47
36.45
36.39
36.45
36.44
36.44
36.39
36.48
36.39
36.5
36.41
36.41
36.44
36.41
36.41
36.5
36.47
36.36
36.38
36.39
36.38
36.43
36.38
36.38
36.41
36.41
36.41
36.39
36.38
36.43
36.39
36.39
36.43
36.37
36.38
36.44
36.37
36.43
36.38
36.41
36.38
36.44
36.37
36.44
36.36
36.41
36.37
36.39
36.39
36.37
36.38
36.34
36.36
36.39
36.36
36.41
36.31
36.39
36.34
36.39
36.41
36.37
36.37
36.41
36.34
36.39
36.32
36.34
36.39
36.39
36.36
36.38
36.41
36.31
36.37
36.32
36.34
36.36
36.37
36.34
36.3
36.38
36.37
36.39
36.34
36.37
36.36
36.34
36.37
36.31
36.31
36.34
36.32
36.32
36.31
36.32
36.34
36.36
36.34
36.31
36.36
36.34
36.36
36.34
36.36
36.34
36.34
36.31
36.34
36.37
36.36
36.36
36.37
36.36
36.36
36.28
36.36
36.31
36.36
36.32
36.31
36.31
36.3
36.3
36.34
36.32
36.36
36.28
36.28
36.28
36.28
36.21
36.28
36.23
36.26
36.31
36.3
36.28
36.3
36.31
36.28
36.3
36.26
36.27
36.27
36.23
36.3
36.27
36.26
36.34
36.34
36.32
36.23
36.25
36.3
36.3
36.34
36.26
36.28
36.32
36.19
36.28
36.28
36.28
36.21
36.26
36.25
36.3
36.28
36.26
36.23
36.23
36.26
36.26
36.23
36.19
36.23
36.26
36.3
36.3
36.21
36.16
36.25
36.21
36.34
36.23
36.25
36.23
36.21
36.28
36.27
36.26
36.18
36.16
36.23
36.26
36.23
36.23
36.18
36.25
36.19
36.25
36.19
36.25
36.19
36.23
36.23
36.18
36.18
36.27
36.23
36.19
36.23
36.21
36.19
36.23
36.21
36.19
36.23
36.18
36.21
36.25
36.23
36.21
36.19
36.21
36.21
36.19
36.21
36.23
36.23
36.21
36.21
36.21
36.21
36.23
36.16
36.23
36.16
36.21
36.19
36.19
36.18
36.16
36.16
36.18
36.14
36.13
36.14
36.16
36.18
36.2
36.2
36.19
36.18
36.18
36.16
36.18
36.13
36.09
36.16
36.19
36.16
36.2
36.14
36.18
36.18
36.18
36.1
36.12
36.16
36.13
36.13
36.13
36.09
36.13
36.19
36.18
36.1
36.08
36.13
36.16
36.13
36.12
36.19
36.16
36.16
36.16
36.1
36.19
36.14
36.12
36.16
36.16
36.16
36.16
36.16
36.13
36.18
36.16
36.2
36.18
36.08
36.16
36.16
36.16
36.09
36.12
36.13
36.1
36.09
36.13
36.12
36.09
36.13
36.08
36.1
36.16
36.13
36.12
36.13
36.08
36.16
36.13
36.13
36.1
36.1
36.09
36.08
36.13
36.09
36.02
36.04
36.09
36.06
36.06
36.05
36.13
36.08
36.14
36.09
36.08
36.08
36.06
36.08
36.08
36.04
36.02
36.13
36.05
36.04
36.06
36.08
36.06
36.08
36.02
36.09
36.02
36.06
36.09
36.08
36.05
36.05
36.08
36.1
36.08
36.12
36.1
36.02
36.0
36.04
36.05
36.05
36.06
36.02
36.06
36.09
36.09
36.02
36.06
36.04
36.05
36.0
36.04
36.04
36.08
36.05
36.05
36.04
36.02
36.02
36.06
36.05
36.02
36.08
36.02
36.06
36.04
36.05
36.08
35.98
35.98
35.98
36.02
36.01
36.06
36.08
36.01
36.06
36.02
36.02
35.96
36.04
36.04
35.98
36.01
35.98
35.98
36.05
36.01
35.98
36.01
35.94
36.01
36.05
36.0
35.98
36.04
35.98
36.01
35.96
35.96
36.01
36.01
35.98
35.94
36.02
35.98
35.91
35.95
35.98
35.98
35.98
36.06
35.88
36.02
35.98
35.91
36.02
35.98
35.96
36.01
35.95
35.91
36.02
35.95
35.96
35.98
35.91
35.98
35.98
35.98
36.04
35.98
35.98
35.91
35.98
35.96
35.93
35.98
35.93
35.89
35.98
35.96
36.0
35.91
35.95
35.96
36.01
35.94
35.98
35.95
35.91
35.91
35.93
35.98
35.96
35.98
35.93
35.95
35.93
35.91
35.88
35.95
35.93
35.91
35.91
35.88
35.98
35.93
35.98
35.93
35.93
35.95
35.91
35.91
35.91
35.98
35.88
35.98
35.91
35.93
35.89
35.98
35.91
35.88
35.91
35.98
35.91
35.91
35.87
35.98
35.89
35.93
35.95
35.8
35.88
35.95
35.84
35.88
35.91
35.93
35.91
35.91
35.91
35.86
35.87
35.87
35.91
35.8
35.89
35.88
35.84
35.95
35.86
35.84
35.86
35.86
35.88
35.91
35.89
35.88
35.84
35.89
35.91
35.89
35.88
35.91
35.8
35.83
35.89
35.89
35.8
35.83
35.88
35.91
35.84
35.87
35.88
35.88
35.82
35.84
35.91
35.89
35.8
35.86
35.91
35.88
35.78
35.89
35.87
35.82
35.84
35.88
35.89
35.91
35.88
35.82
35.8
35.86
35.77
35.83
35.86
35.88
35.88
35.88
35.84
35.82
35.86
35.83
35.78
35.89
35.76
35.82
35.84
35.82
35.91
35.78
35.88
35.8
35.76
35.8
35.88
35.82
35.86
35.82
35.82
35.86
35.75
35.86
35.83
35.84
35.73
35.82
35.75
35.83
35.76
35.84
35.82
35.82
35.73
35.82
35.8
35.82
35.82
35.75
35.86
35.83
35.82
35.8
35.8
35.75
35.8
35.82
35.78
35.76
35.77
35.82
35.82
35.82
35.78
35.77
35.82
35.75
35.82
35.78
35.78
35.76
35.78
35.73
35.67
35.83
35.77
35.73
35.77
35.71
35.76
35.71
35.73
35.8
35.76
35.73
35.73
35.77
35.76
35.76
35.75
35.73
35.77
35.75
35.77
35.8
35.71
35.75
35.69
35.78
35.73
35.8
35.73
35.76
35.73
35.69
35.71
35.76
35.67
35.73
35.71
35.77
35.75
35.71
35.76
35.7
35.73
35.67
35.7
35.69
35.75
35.73
35.67
35.75
35.73
35.73
35.73
35.73
35.71
35.75
35.67
35.69
35.73
35.73
35.75
35.71
35.73
35.69
35.69
35.7
35.73
35.73
35.67
35.65
35.64
35.75
35.7
35.69
35.7
35.71
35.69
35.63
35.69
35.76
35.7
35.69
35.67
35.69
35.73
35.75
35.67
35.69
35.75
35.69
35.65
35.64
35.69
35.73
35.69
35.67
35.66
35.66
35.66
35.64
35.63
35.7
35.69
35.7
35.66
35.65
35.71
35.62
35.71
35.66
35.65
35.7
35.64
35.69
35.63
35.6
35.7
35.75
35.62
35.71
35.73
35.65
35.65
35.7
35.62
35.67
35.69
35.69
35.66
35.75
35.64
35.66
35.64
35.71
35.64
35.69
35.65
35.59
35.6
35.66
35.63
35.69
35.67
35.62
35.62
35.59
35.65
35.66
35.66
35.55
35.66
35.66
35.69
35.6
35.63
35.63
35.62
35.58
35.65
35.59
35.58
35.64
35.65
35.59
35.6
35.58
35.7
35.63
35.65
35.65
35.64
35.63
35.63
35.55
35.63
35.63
35.62
35.62
35.62
35.58
35.63
35.62
35.64
35.58
35.62
35.63
35.58
35.52
35.58
35.58
35.55
35.63
35.6
35.59
35.53
35.55
35.66
35.53
35.63
35.59
35.64
35.55
35.55
35.59
35.58
35.59
35.58
35.62
35.55
35.62
35.58
35.58
35.62
35.59
35.55
35.52
35.55
35.55
35.63
35.53
35.53
35.55
35.59
35.55
35.58
35.53
35.55
35.58
35.55
35.53
35.55
35.51
35.53
35.64
35.55
35.53
35.55
35.58
35.52
35.59
35.53
35.52
35.55
35.62
35.53
35.57
35.55
35.53
35.57
35.53
35.58
35.58
35.6
35.52
35.55
35.57
35.52
35.51
35.52
35.53
35.55
35.49
35.51
35.49
35.55
35.49
35.59
35.52
35.53
35.47
35.55
35.55
35.55
35.46
35.53
35.46
35.53
35.47
35.47
35.52
35.51
35.52
35.49
35.48
35.48
35.48
35.49
35.47
35.51
35.46
35.49
35.48
35.47
35.45
35.48
35.52
35.51
35.47
35.47
35.46
35.49
35.48
35.47
35.46
35.48
35.49
35.46
35.42
35.42
35.47
35.44
35.47
35.46
35.48
35.46
35.4
35.51
35.42
35.47
35.53
35.42
35.4
35.38
35.45
35.42
35.44
35.48
35.39
35.45
35.41
35.45
35.39
35.4
35.42
35.42
35.37
35.39
35.38
35.41
35.38
35.47
35.42
35.4
35.51
35.45
35.4
35.4
35.42
35.41
35.38
35.37
35.4
35.37
35.37
35.38
35.45
35.4
35.47
35.37
35.37
35.42
35.42
35.38
35.34
35.39
35.39
35.3
35.34
35.39
35.35
35.34
35.42
35.35
35.35
35.33
35.38
35.41
35.39
35.38
35.44
35.4
35.39
35.35
35.38
35.34
35.33
35.39
35.39
35.35
35.3
35.3
35.34
35.38
35.35
35.4
35.37
35.32
35.35
35.3
35.38
35.38
35.34
35.41
35.38
35.38
35.27
35.34
35.27
35.37
35.33
35.37
35.32
35.39
35.38
35.32
35.35
35.33
35.34
35.37
35.32
35.32
35.3
35.32
35.22
35.35
35.33
35.32
35.3
35.32
35.34
35.32
35.28
35.35
35.3
35.32
35.32
35.32
35.33
35.26
35.32
35.3
35.33
35.32
35.3
35.3
35.3
35.27
35.24
35.27
35.3
35.3
35.3
35.3
35.34
35.28
35.3
35.23
35.34
35.3
35.24
35.35
35.3
35.27
35.26
35.3
35.27
35.32
35.27
35.32
35.3
35.24
35.3
35.26
35.32
35.26
35.27
35.19
35.3
35.3
35.2
35.26
35.3
35.26
35.27
35.24
35.3
35.24
35.26
35.3
35.32
35.34
35.23
35.3
35.22
35.2
35.24
35.22
35.24
35.3
35.27
35.3
35.32
35.26
35.26
35.22
35.2
35.26
35.26
35.24
35.27
35.27
35.2
35.23
35.26
35.3
35.23
35.2
35.26
35.2
35.3
35.22
35.27
35.24
35.24
35.24
35.23
35.26
35.28
35.23
35.2
35.22
35.22
35.22
35.22
35.21
35.28
35.24
35.22
35.3
35.19
35.2
35.22
35.23
35.2
35.3
35.23
35.2
35.27
35.16
35.24
35.26
35.16
35.19
35.24
35.19
35.22
35.21
35.24
35.27
35.22
35.23
35.21
35.2
35.22
35.19
35.22
35.19
35.19
35.23
35.14
35.16
35.14
35.14
35.14
35.19
35.13
35.2
35.17
35.17
35.23
35.2
35.19
35.21
35.12
35.17
35.19
35.19
35.21
35.19
35.16
35.19
35.21
35.21
35.12
35.22
35.2
35.2
35.17
35.13
35.19
35.13
35.24
35.19
35.2
35.19
35.22
35.17
35.19
35.13
35.19
35.2
35.19
35.14
35.21
35.17
35.16
35.16
35.14
35.13
35.16
35.1
35.16
35.19
35.1
35.13
35.14
35.16
35.16
35.21
35.14
35.16
35.13
35.09
35.19
35.14
35.14
35.17
35.21
35.06
35.16
35.13
35.12
35.12
35.06
35.17
35.09
35.15
35.1
35.21
35.1
35.08
35.19
35.13
35.21
35.12
35.17
35.16
35.14
35.12
35.1
35.14
35.09
35.09
35.12
35.09
35.12
35.09
35.16
35.12
35.09
35.06
35.12
35.15
35.06
35.05
35.06
35.09
35.09
35.05
35.12
35.12
35.14
35.05
35.08
35.01
35.09
35.06
35.06
35.12
35.05
35.05
35.1
35.12
35.06
35.09
35.13
35.08
35.12
35.06
35.05
35.01
35.06
35.06
35.05
35.08
35.01
35.06
35.06
35.05
35.09
35.14
35.09
35.12
35.09
35.04
35.04
35.13
35.04
35.04
35.06
35.05
35.08
35.08
35.06
35.06
35.06
34.97
35.05
35.03
35.06
35.06
35.05
35.03
35.09
35.05
35.02
35.01
35.01
35.05
35.05
34.99
35.04
35.03
34.98
35.09
35.03
34.99
35.06
35.05
35.01
35.01
35.03
35.03
35.1
35.04
35.06
34.98
34.99
34.99
35.04
35.01
35.06
35.04
35.05
34.97
35.03
35.03
35.04
34.99
34.98
34.98
35.02
34.97
35.01
34.98
34.96
34.99
34.98
34.98
35.01
35.02
34.97
35.06
34.99
35.02
34.97
35.02
34.99
34.97
34.94
35.01
34.99
35.02
35.01
34.95
35.01
35.01
34.98
34.98
35.01
34.98
35.05
34.99
34.96
35.05
34.94
34.98
34.99
34.98
34.98
34.92
34.94
35.06
34.98
34.99
34.94
35.03
35.01
34.94
34.91
34.98
34.96
34.98
34.96
34.92
34.92
34.92
34.9
34.98
34.98
35.03
34.94
34.98
34.96
34.99
34.94
34.92
34.88
34.91
34.94
34.94
34.92
34.97
34.96
35.01
34.97
34.96
34.88
34.97
34.96
34.94
34.98
34.94
34.99
34.92
34.92
34.96
34.95
34.94
34.95
34.94
34.94
34.91
34.94
34.91
34.92
34.92
34.96
34.88
34.92
34.99
34.91
34.91
35.01
34.88
34.94
34.88
34.94
34.9
34.97
34.92
34.94
34.97
34.88
34.88
34.95
34.91
34.91
34.91
34.9
34.9
34.9
34.91
34.91
34.88
34.9
34.88
34.88
34.88
34.96
34.95
34.91
34.91
34.85
34.94
34.88
34.91
34.9
34.88
34.86
34.91
34.84
34.9
34.94
34.91
34.88
34.85
34.85
34.91
34.92
34.86
34.94
34.91
34.85
34.94
34.88
34.95
34.91
34.84
34.88
34.85
34.94
34.86
34.85
34.92
34.86
34.85
34.94
34.88
34.86
34.86
34.88
34.88
34.88
34.94
34.84
34.86
34.91
34.92
34.94
34.86
34.88
34.84
34.91
34.96
34.8
34.91
34.91
34.86
34.88
34.84
34.92
34.8
34.91
34.88
34.85
34.86
34.86
34.94
34.86
34.88
34.8
34.83
34.79
34.91
34.84
34.88
34.78
34.91
34.83
34.86
34.81
34.8
34.79
34.76
34.88
34.9
34.79
34.84
34.8
34.85
34.8
34.76
34.84
34.83
34.83
34.81
34.86
34.8
34.84
34.78
34.77
34.8
34.8
34.84
34.8
34.83
34.79
34.77
34.77
34.81
34.8
34.83
34.79
34.83
34.77
34.79
34.78
34.83
34.8
34.84
34.8
34.8
34.79
34.8
34.8
34.8
34.78
34.79
34.78
34.79
34.81
34.79
34.85
34.8
34.8
34.83
34.83
34.8
34.78
34.78
34.8
34.79
34.83
34.79
34.84
34.76
34.73
34.72
34.76
34.83
34.85
34.76
34.79
34.78
34.85
34.8
34.79
34.72
34.79
34.81
34.73
34.8
34.76
34.76
34.73
34.7
34.73
34.7
34.74
34.76
34.81
34.78
34.73
34.72
34.78
34.77
34.79
34.74
34.8
34.83
34.78
34.76
34.68
34.72
34.78
34.76
34.74
34.76
34.78
34.73
34.76
34.63
34.73
34.79
34.72
34.77
34.73
34.73
34.73
34.72
34.74
34.72
34.67
34.78
34.76
34.72
34.63
34.7
34.7
34.73
34.72
34.73
34.76
34.73
34.76
34.72
34.83
34.76
34.77
34.77
34.72
34.78
34.7
34.7
34.77
34.79
34.76
34.68
34.72
34.7
34.7
34.63
34.66
34.7
34.66
34.67
34.78
34.73
34.74
34.7
34.7
34.67
34.7
34.67
34.7
34.76
34.7
34.66
34.7
34.63
34.74
34.7
34.7
34.7
34.7
34.7
34.76
34.73
34.7
34.7
34.73
34.7
34.66
34.74
34.76
34.78
34.7
34.7
34.68
34.72
34.68
34.67
34.66
34.72
34.74
34.68
34.72
34.66
34.7
34.7
34.63
34.7
34.66
34.65
34.65
34.63
34.66
34.67
34.65
34.68
34.72
34.78
34.63
34.7
34.66
34.67
34.72
34.7
34.74
34.7
34.63
34.65
34.66
34.68
34.68
34.65
34.67
34.73
34.7
34.73
34.6
34.65
34.63
34.59
34.63
34.7
34.6
34.63
34.7
34.59
34.7
34.66
34.65
34.7
34.65
34.63
34.63
34.65
34.59
34.68
34.63
34.58
34.67
34.63
34.61
34.6
34.7
34.53
34.58
34.58
34.66
34.61
34.63
34.59
34.61
34.66
34.61
34.63
34.63
34.59
34.63
34.65
34.66
34.61
34.61
34.58
34.63
34.56
34.6
34.59
34.6
34.63
34.63
34.63
34.56
34.53
34.61
34.54
34.59
34.59
34.59
34.6
34.56
34.63
34.54
34.65
34.61
34.6
34.65
34.65
34.54
34.56
34.6
34.56
34.58
34.59
34.58
34.6
34.56
34.56
34.58
34.56
34.55
34.61
34.56
34.56
34.61
34.54
34.59
34.53
34.56
34.58
34.55
34.63
34.58
34.52
34.54
34.55
34.59
34.55
34.59
34.55
34.52
34.59
34.51
34.56
34.52
34.54
34.56
34.54
34.56
34.51
34.54
34.58
34.61
34.52
34.54
34.53
34.54
34.53
34.54
34.56
34.56
34.53
34.55
34.54
34.54
34.54
34.53
34.53
34.52
34.59
34.56
34.53
34.54
34.53
34.53
34.61
34.59
34.53
34.53
34.51
34.61
34.51
34.54
34.56
34.52
34.51
34.55
34.51
34.56
34.53
34.52
34.52
34.53
34.52
34.54
34.52
34.53
34.45
34.47
34.54
34.52
34.48
34.51
34.52
34.51
34.49
34.45
34.48
34.51
34.51
34.51
34.45
34.54
34.52
34.53
34.52
34.59
34.45
34.54
34.52
34.47
34.47
34.43
34.49
34.53
34.56
34.51
34.45
34.53
34.48
34.52
34.51
34.49
34.47
34.56
34.53
34.52
34.53
34.56
34.48
34.45
34.51
34.45
34.4
34.45
34.51
34.45
34.49
34.58
34.45
34.51
34.48
34.45
34.38
34.48
34.49
34.43
34.45
34.47
34.48
34.52
34.49
34.45
34.4
34.48
34.45
34.4
34.41
34.45
34.45
34.49
34.51
34.45
34.45
34.48
34.43
34.4
34.41
34.43
34.47
34.38
34.49
34.48
34.49
34.45
34.43
34.36
34.4
34.41
34.41
34.43
34.43
34.45
34.4
34.42
34.45
34.43
34.43
34.45
34.43
34.43
34.41
34.38
34.41
34.45
34.41
34.45
34.51
34.51
34.45
34.47
34.48
34.49
34.43
34.41
34.36
34.41
34.45
34.36
34.4
34.48
34.4
34.43
34.4
34.38
34.45
34.43
34.43
34.38
34.4
34.42
34.36
34.4
34.45
34.43
34.38
34.36
34.43
34.36
34.38
34.41
34.4
34.41
34.43
34.43
34.41
34.38
34.43
34.38
34.41
34.34
34.45
34.41
34.41
34.41
34.38
34.38
34.38
34.41
34.41
34.4
34.43
34.42
34.4
34.38
34.41
34.41
34.38
34.41
34.45
34.38
34.31
34.38
34.4
34.38
34.38
34.38
34.38
34.36
34.38
34.38
34.38
34.38
34.38
34.34
34.43
34.41
34.4
34.38
34.34
34.38
34.38
34.36
34.43
34.38
34.36
34.36
34.35
34.35
34.38
34.32
34.41
34.35
34.34
34.4
34.38
34.38
34.36
34.38
34.34
34.36
34.38
34.43
34.29
34.32
34.4
34.35
34.32
34.32
34.38
34.38
34.38
34.34
34.38
34.36
34.38
34.34
34.38
34.32
34.4
34.38
34.38
34.38
34.38
34.34
34.38
34.4
34.38
34.24
34.36
34.38
34.31
34.36
34.38
34.42
34.34
34.36
34.38
34.4
34.38
34.31
34.35
34.36
34.36
34.36
34.36
34.36
34.31
34.36
34.38
34.38
34.36
34.36
34.34
34.38
34.36
34.3
34.36
34.38
34.3
34.38
34.43
34.4
34.36
34.35
34.34
34.4
34.43
34.36
34.34
34.34
34.38
34.27
34.36
34.31
34.34
34.31
34.3
34.27
34.35
34.3
34.3
34.38
34.36
34.36
34.38
34.34
34.24
34.27
34.27
34.35
34.32
34.35
34.38
34.36
34.32
34.3
34.27
34.31
34.36
34.31
34.3
34.3
34.25
34.27
34.31
34.38
34.32
34.32
34.3
34.27
34.31
34.34
34.3
34.27
34.29
34.32
34.32
34.27
34.24
34.31
34.3
34.31
34.3
34.34
34.32
34.23
34.27
34.32
34.27
34.3
34.3
34.27
34.27
34.36
34.3
34.3
34.3
34.23
34.3
34.32
34.38
34.3
34.24
34.3
34.32
34.3
34.34
34.25
34.3
34.32
34.27
34.27
34.27
34.25
34.27
34.31
34.31
34.3
34.25
34.27
34.31
34.3
34.3
34.25
34.27
34.25
34.27
34.2
34.27
34.25
34.27
34.27
34.27
34.25
34.27
34.24
34.27
34.27
34.25
34.3
34.27
34.32
34.3
34.27
34.25
34.27
34.24
34.25
34.25
34.25
34.2
34.27
34.23
34.23
34.27
34.25
34.27
34.2
34.2
34.24
34.27
34.3
34.27
34.27
34.2
34.3
34.27
34.2
34.25
34.27
34.24
34.3
34.27
34.3
34.27
34.27
34.2
34.27
34.27
34.22
34.24
34.24
34.27
34.27
34.25
34.24
34.25
34.3
34.35
34.27
34.2
34.2
34.24
34.3
34.25
34.27
34.25
34.24
34.25
34.27
34.25
34.3
34.2
34.25
34.2
34.24
34.24
34.29
34.27
34.25
34.14
34.25
34.2
34.27
34.22
34.16
34.2
34.27
34.29
34.35
34.23
34.25
34.3
34.2
34.24
34.24
34.22
34.24
34.25
34.3
34.25
34.27
34.27
34.27
34.32
34.2
34.31
34.27
34.31
34.27
34.25
34.2
34.24
34.29
34.24
34.23
34.24
34.27
34.24
34.22
34.2
34.24
34.27
34.25
34.27
34.24
34.25
34.27
34.2
34.27
34.25
34.27
34.23
34.22
34.25
34.22
34.27
34.31
34.25
34.25
34.27
34.2
34.27
34.25
34.23
34.22
34.2
34.23
34.3
34.31
34.24
34.31
34.24
34.27
34.24
34.23
34.24
34.27
34.2
34.23
34.22
34.25
34.32
34.25
34.2
34.27
34.25
34.24
34.2
34.25
34.29
34.2
34.27
34.3
34.27
34.22
34.25
34.27
34.22
34.2
34.23
34.25
34.2
34.25
34.24
34.25
34.27
34.3
34.16
34.24
34.24
34.23
34.2
34.27
34.23
34.23
34.27
34.27
34.27
34.25
34.3
34.23
34.27
34.2
34.25
34.23
34.24
34.25
34.27
34.23
34.24
34.3
34.25
34.25
34.25
34.27
34.23
34.24
34.27
34.29
34.24
34.27
34.2
34.27
34.27
34.25
34.2
34.25
34.27
34.25
34.27
34.32
34.27
34.27
34.27
34.25
34.25
34.23
34.27
34.24
34.23
34.3
34.25
34.24
34.27
34.29
34.2
34.24
34.25
34.23
34.27
34.27
34.27
34.23
34.25
34.23
34.16
34.25
34.25
34.22
34.24
34.2
34.23
34.31
34.27
34.16
34.25
34.27
34.27
34.23
34.3
34.25
34.22
34.25
34.23
34.24
34.27
34.27
34.23
34.3
34.31
34.27
34.25
34.23
34.3
34.27
34.3
34.31
34.27
34.24
34.3
34.3
34.32
34.31
34.27
34.3
34.27
34.25
34.23
34.31
34.25
34.32
34.3
34.23
34.3
34.31
34.36
34.27
34.34
34.25
34.27
34.34
34.32
34.27
34.22
34.24
34.35
34.22
34.31
34.29
34.25
34.32
34.27
34.27
34.35
34.27
34.23
34.23
34.27
34.27
34.32
34.23
34.29
34.3
34.36
34.27
34.29
34.31
34.31
34.32
34.34
34.3
34.36
34.38
34.31
34.36
34.38
34.27
34.29
34.36
34.32
34.31
34.32
34.27
34.32
34.31
34.31
34.3
34.32
34.38
34.34
34.27
34.34
34.27
34.27
34.34
34.34
34.34
34.34
34.3
34.31
34.38
34.3
34.32
34.3
34.38
34.4
34.25
34.3
34.38
34.32
34.38
34.3
34.3
34.36
34.34
34.3
34.31
34.27
34.31
34.25
34.36
34.32
34.3
34.3
34.36
34.42
34.29
34.38
34.32
34.34
34.38
34.38
34.38
34.34
34.38
34.41
34.38
34.38
34.32
34.36
34.38
34.36
34.38
34.38
34.36
34.27
34.43
34.38
34.38
34.38
34.4
34.32
34.41
34.32
34.34
34.34
34.36
34.38
34.36
34.36
34.45
34.34
34.36
34.45
34.34
34.4
34.32
34.4
34.4
34.34
34.35
34.4
34.36
34.4
34.4
34.43
34.36
34.38
34.38
34.38
34.4
34.42
34.38
34.47
34.38
34.38
34.42
34.41
34.38
34.4
34.36
34.38
34.34
34.4
34.4
34.38
34.43
34.48
34.38
34.38
34.43
34.38
34.38
34.35
34.4
34.38
34.41
34.38
34.45
34.43
34.41
34.49
34.43
34.38
34.4
34.45
34.41
34.35
34.4
34.45
34.4
34.43
34.45
34.43
34.41
34.41
34.41
34.38
34.51
34.4
34.45
34.45
34.47
34.38
34.41
34.43
34.51
34.45
34.45
34.45
34.36
34.47
34.38
34.43
34.41
34.45
34.43
34.47
34.41
34.45
34.47
34.51
34.47
34.43
34.48
34.51
34.45
34.47
34.49
34.45
34.45
34.45
34.43
34.45
34.45
34.45
34.45
34.49
34.41
34.52
34.45
34.45
34.45
34.49
34.45
34.52
34.51
34.49
34.51
34.45
34.47
34.45
34.47
34.43
34.47
34.49
34.45
34.54
34.52
34.51
34.47
34.49
34.45
34.49
34.45
34.53
34.45
34.52
34.54
34.56
34.47
34.53
34.51
34.49
34.53
34.47
34.52
34.47
34.54
34.52
34.53
34.52
34.56
34.49
34.56
34.53
34.49
34.47
34.54
34.52
34.45
34.53
34.54
34.47
34.52
34.55
34.51
34.58
34.51
34.51
34.56
34.51
34.47
34.56
34.54
34.54
34.52
34.53
34.52
34.56
34.56
34.51
34.59
34.54
34.53
34.54
34.53
34.53
34.56
34.58
34.53
34.55
34.56
34.58
34.56
34.53
34.51
34.53
34.52
34.56
34.54
34.59
34.56
34.54
34.55
34.6
34.52
34.48
34.59
34.55
34.58
34.6
34.51
34.52
34.59
34.54
34.56
34.51
34.58
34.54
34.59
34.56
34.56
34.56
34.53
34.56
34.58
34.58
34.65
34.6
34.61
34.61
34.54
34.56
34.55
34.6
34.58
34.63
34.54
34.58
34.54
34.66
34.63
34.59
34.6
34.6
34.56
34.59
34.6
34.61
34.63
34.54
34.65
34.54
34.58
34.65
34.65
34.59
34.61
34.6
34.66
34.6
34.59
34.6
34.63
34.59
34.63
34.58
34.59
34.63
34.61
34.67
34.66
34.63
34.6
34.65
34.66
34.65
34.63
34.65
34.59
34.61
34.66
34.55
34.65
34.63
34.63
34.66
34.63
34.66
34.63
34.65
34.66
34.66
34.63
34.63
34.61
34.7
34.65
34.7
34.6
34.65
34.61
34.7
34.66
34.59
34.7
34.65
34.63
34.61
34.55
34.63
34.65
34.7
34.67
34.66
34.63
34.7
34.7
34.7
34.67
34.72
34.67
34.66
34.63
34.65
34.67
34.7
34.7
34.67
34.73
34.66
34.7
34.67
34.7
34.72
34.63
34.61
34.7
34.67
34.73
34.72
34.72
34.7
34.67
34.72
34.73
34.7
34.59
34.7
34.68
34.7
34.67
34.7
34.65
34.7
34.76
34.7
34.72
34.7
34.67
34.66
34.68
34.67
34.72
34.68
34.73
34.72
34.73
34.68
34.76
34.73
34.7
34.7
34.7
34.78
34.78
34.79
34.77
34.7
34.7
34.74
34.78
34.73
34.73
34.72
34.67
34.72
34.74
34.77
34.73
34.7
34.76
34.72
34.68
34.77
34.79
34.77
34.73
34.72
34.73
34.72
34.73
34.73
34.79
34.73
34.77
34.73
34.73
34.77
34.76
34.73
34.73
34.78
34.73
34.78
34.78
34.78
34.79
34.73
34.72
34.79
34.76
34.83
34.72
34.78
34.73
34.78
34.79
34.8
34.77
34.73
34.77
34.81
34.78
34.73
34.78
34.76
34.76
34.73
34.85
34.78
34.78
34.84
34.79
34.73
34.78
34.79
34.83
34.73
34.79
34.79
34.76
34.79
34.8
34.73
34.79
34.78
34.76
34.73
34.79
34.8
34.77
34.8
34.78
34.83
34.85
34.77
34.8
34.8
34.84
34.86
34.79
34.76
34.84
34.86
34.8
34.8
34.83
34.79
34.77
34.79
34.83
34.79
34.8
34.83
34.79
34.8
34.84
34.84
34.88
34.84
34.83
34.84
34.79
34.84
34.79
34.88
34.88
34.84
34.83
34.84
34.85
34.8
34.85
34.79
34.85
34.86
34.84
34.85
34.78
34.86
34.79
34.84
34.83
34.83
34.85
34.84
34.84
34.86
34.84
34.79
34.8
34.83
34.85
34.85
34.83
34.8
34.8
34.84
34.85
34.83
34.8
34.83
34.85
34.9
34.85
34.88
34.8
34.8
34.9
34.86
34.85
34.85
34.9
34.84
34.86
34.85
34.83
34.86
34.88
34.84
34.84
34.9
34.84
34.85
34.79
34.83
34.85
34.8
34.81
34.86
34.91
34.81
34.88
34.84
34.86
34.81
34.84
34.81
34.91
34.88
34.81
34.85
34.88
34.83
34.9
34.88
34.86
34.83
34.86
34.91
34.85
34.88
34.88
34.84
34.85
34.85
34.86
34.91
34.84
34.83
34.85
34.88
34.86
34.86
34.85
34.83
34.9
34.88
34.86
34.86
34.83
34.91
34.94
34.85
34.84
34.85
34.88
34.94
34.84
34.83
34.91
34.95
34.83
34.86
34.85
34.92
34.88
34.91
34.85
34.86
34.85
34.92
34.85
34.92
34.86
34.91
34.86
34.86
34.88
34.95
34.92
34.86
34.88
34.88
34.88
34.94
34.91
34.92
34.91
34.9
34.92
34.92
34.91
34.88
34.86
34.91
34.88
34.84
34.9
34.9
34.91
34.88
34.91
34.88
34.9
34.88
34.92
35.02
34.91
34.86
34.94
34.92
34.83
34.88
34.88
34.92
34.86
34.85
34.91
34.88
34.86
34.91
34.91
34.91
34.94
34.84
34.94
34.92
34.9
34.9
34.88
34.88
34.95
34.91
34.9
34.88
34.94
34.94
34.95
34.94
34.86
34.96
34.91
34.91
34.92
34.88
34.91
34.91
34.94
34.96
34.88
34.95
34.94
34.9
34.91
34.91
34.96
34.98
34.95
34.88
34.95
34.85
34.96
34.86
34.88
34.96
34.9
34.95
34.86
34.91
34.88
34.88
34.91
34.96
34.86
34.92
34.97
34.88
34.96
34.91
34.91
35.03
34.95
34.9
35.01
34.96
34.96
34.86
34.91
34.88
34.97
34.88
34.94
35.01
34.91
34.92
34.96
34.94
35.03
34.98
34.99
34.96
34.91
34.98
34.96
34.98
34.98
34.96
34.91
34.95
34.96
34.91
34.95
34.99
34.96
34.95
35.03
34.96
34.97
34.97
35.01
34.97
35.03
34.96
34.96
34.96
34.94
35.01
34.94
34.95
34.94
34.92
34.96
34.94
34.86
34.96
35.01
34.99
34.97
34.94
34.98
34.94
34.95
34.92
35.03
34.99
34.88
34.94
34.88
34.95
34.97
34.94
34.91
34.88
34.95
34.99
34.94
34.88
34.86
34.9
34.92
34.91
34.9
34.94
34.94
34.92
34.85
34.94
34.88
34.98
35.01
34.88
34.97
34.91
34.91
34.88
34.95
34.91
34.94
34.94
34.97
34.91
34.94
34.97
34.92
34.97
34.94
34.96
34.97
34.92
34.91
34.98
34.96
34.92
34.88
34.95
34.92
34.92
35.01
34.95
34.96
34.94
34.94
34.88
34.94
34.96
34.91
34.91
34.97
34.85
34.95
34.9
34.96
34.95
34.91
34.96
34.92
34.95
34.9
34.96
34.91
34.96
34.96
34.91
34.94
34.92
34.96
34.94
34.91
34.92
34.91
34.94
34.91
34.96
34.95
35.01
34.96
34.95
34.95
34.91
34.92
34.99
34.88
34.85
34.94
34.92
34.96
34.9
34.96
34.94
34.96
34.92
34.94
34.9
34.88
34.91
34.96
34.95
35.01
34.92
34.94
34.88
34.95
35.01
34.88
34.95
34.96
34.9
34.86
34.96
34.88
34.99
34.98
34.92
34.88
34.99
34.94
34.91
34.94
34.97
34.94
34.95
34.98
34.99
34.97
34.98
34.99
34.94
34.84
34.91
34.92
34.96
34.92
34.94
34.95
34.91
34.97
34.97
34.92
34.98
34.96
34.85
34.97
34.92
34.94
34.97
34.92
34.95
34.95
34.96
34.98
34.94
34.91
34.96
34.91
34.96
34.98
34.98
34.95
35.01
34.96
34.94
34.96
34.97
35.02
34.97
35.02
34.9
34.92
34.95
34.9
35.01
34.98
34.91
34.99
35.03
34.91
34.95
34.96
34.95
34.92
34.91
34.94
35.02
34.95
34.94
35.02
34.92
34.94
34.95
34.94
34.96
34.91
34.92
34.95
34.94
34.88
35.01
34.95
35.01
34.96
34.99
35.03
34.94
34.98
34.98
34.97
34.94
34.97
34.94
34.96
34.98
34.97
34.97
35.01
34.94
34.88
34.97
34.9
35.01
35.01
34.95
34.95
35.01
34.99
34.94
34.95
34.91
34.96
34.98
35.01
34.92
34.96
34.96
34.97
34.97
34.98
34.95
34.91
34.9
34.94
34.94
34.95
34.94
34.96
34.95
34.96
34.97
34.88
34.96
34.96
35.01
34.94
34.96
34.94
34.88
34.92
34.96
34.98
34.96
34.92
34.9
34.99
34.95
34.95
34.86
34.96
34.92
34.96
34.94
34.92
34.98
34.94
35.03
34.97
34.91
35.01
34.95
34.85
34.9
34.95
34.94
35.02
34.95
34.91
34.98
34.88
34.92
34.94
34.92
34.88
34.92
34.92
34.95
34.96
34.97
34.95
34.99
34.98
34.95
34.94
34.96
34.95
34.91
34.95
34.91
34.94
34.97
34.96
34.88
34.96
34.97
34.97
34.97
34.95
34.97
34.91
34.96
34.97
34.94
34.95
35.01
35.01
34.98
34.91
34.92
34.99
34.92
34.97
34.98
34.86
34.91
34.91
34.92
34.94
34.98
34.94
34.88
34.97
34.95
34.94
34.94
34.85
34.91
34.96
34.92
34.91
35.01
34.94
34.86
34.92
34.88
34.94
34.94
34.91
34.88
34.98
34.91
34.96
34.94
34.92
34.96
34.92
34.86
34.95
34.96
34.86
34.86
34.91
34.92
35.03
34.94
34.95
34.97
34.9
34.88
34.97
34.9
34.96
34.96
34.98
34.94
34.86
34.98
34.88
34.92
34.94
34.96
34.88
34.9
34.92
34.94
35.01
34.96
34.97
34.91
35.02
34.92
34.96
34.91
34.92
34.98
34.96
34.98
34.96
34.86
34.91
34.98
34.94
34.91
34.94
34.96
34.96
34.94
34.96
34.96
34.94
34.92
34.99
34.98
34.97
34.92
34.96
34.91
34.91
35.03
34.95
34.91
34.86
34.92
34.94
34.95
34.94
34.91
34.88
34.98
34.94
34.88
34.88
34.96
34.94
34.96
34.9
34.92
34.86
34.88
34.92
34.95
34.88
34.91
34.95
34.95
34.91
34.91
34.88
34.91
34.96
34.88
34.88
34.97
34.88
34.94
34.86
34.91
34.98
34.9
34.92
34.96
34.98
34.94
34.91
34.95
34.96
34.91
34.88
34.97
34.96
34.97
34.91
34.85
34.88
35.01
34.88
34.97
34.91
34.88
34.86
34.96
34.97
34.94
34.91
34.91
34.88
34.91
34.9
34.88
34.97
34.9
34.86
34.9
34.9
34.88
34.88
34.88
34.96
34.91
34.88
34.99
34.86
34.9
34.92
34.84
34.9
34.9
34.92
34.95
34.96
34.91
34.91
34.99
34.83
34.91
34.83
34.86
34.88
34.88
34.9
34.9
34.88
34.92
34.9
34.83
34.91
34.9
34.86
34.94
34.86
34.92
34.88
34.94
34.88
34.88
34.94
34.88
34.88
34.9
34.91
34.84
34.94
34.92
34.9
34.88
34.85
34.81
34.83
34.83
34.85
34.9
34.94
34.91
34.9
34.88
34.88
34.97
34.91
34.88
34.9
34.85
34.92
34.88
34.95
34.85
34.88
34.95
34.91
34.86
34.84
34.96
34.83
34.86
34.88
34.96
34.91
34.96
34.85
34.85
34.95
34.85
34.85
34.88
34.88
34.97
35.01
34.9
34.96
34.91
34.88
34.91
34.97
34.96
34.9
34.95
34.94
34.91
34.94
34.95
34.9
34.9
34.85
34.9
34.81
34.88
34.86
34.97
34.86
34.84
34.94
34.85
34.9
34.9
34.96
34.94
34.9
34.83
34.91
34.84
34.96
34.9
34.88
34.84
34.94
34.85
34.88
34.91
34.84
34.88
34.85
34.95
34.85
34.85
34.88
34.86
34.9
34.96
34.88
34.9
34.88
34.96
34.96
34.85
34.9
34.91
34.9
34.96
34.85
34.91
34.83
34.85
34.9
34.91
34.9
34.86
34.86
34.97
34.97
34.95
34.88
34.91
34.91
34.9
34.9
34.91
34.94
34.84
34.95
34.94
34.84
34.83
34.92
34.86
34.84
34.88
34.86
34.88
34.85
34.91
34.88
34.9
34.84
34.85
34.94
34.9
34.9
34.85
34.9
34.88
34.94
34.83
34.9
34.9
34.83
34.88
34.91
34.85
34.9
34.85
34.91
34.8
34.83
34.9
34.84
34.92
34.91
34.84
34.88
34.9
34.94
34.86
34.81
34.86
34.92
34.78
34.88
34.86
34.91
34.86
34.95
34.88
34.85
34.92
34.9
34.86
34.79
34.92
34.91
34.88
34.79
34.85
34.88
34.94
34.9
34.85
34.88
34.9
34.88
34.95
34.94
34.85
34.91
34.88
34.85
34.88
34.88
34.88
34.88
34.85
34.95
34.88
34.9
34.9
34.88
34.85
34.92
34.85
34.86
34.84
34.83
34.81
34.8
34.8
34.85
34.85
34.86
34.92
34.9
34.84
34.84
34.86
34.8
34.83
34.88
34.86
34.88
34.88
34.9
34.84
34.83
34.91
34.79
34.88
34.88
34.79
34.79
34.95
34.88
34.88
34.84
34.83
34.83
34.88
34.84
34.81
34.88
34.83
34.88
34.86
34.84
34.83
34.88
34.79
34.83
34.86
34.8
34.88
34.84
34.81
34.88
34.86
34.88
34.88
34.86
34.81
34.85
34.88
34.79
34.78
34.8
34.85
34.88
34.83
34.9
34.88
34.81
34.84
34.76
34.79
34.83
34.78
34.77
34.88
34.79
34.83
34.85
34.84
34.83
34.85
34.81
34.84
34.84
34.78
34.88
34.8
34.85
34.78
34.77
34.84
34.84
34.85
34.83
34.8
34.84
34.85
34.88
34.83
34.83
34.88
34.88
34.79
34.8
34.84
34.85
34.83
34.83
34.81
34.84
34.86
34.83
34.91
34.88
34.85
34.8
34.86
34.83
34.79
34.77
34.79
34.74
34.83
34.8
34.83
34.78
34.83
34.78
34.84
34.77
34.83
34.8
34.77
34.92
34.88
34.8
34.8
34.83
34.8
34.86
34.79
34.83
34.8
34.83
34.83
34.84
34.8
34.85
34.85
34.83
34.79
34.76
34.81
34.78
34.79
34.83
34.81
34.77
34.88
34.79
34.77
34.83
34.77
34.83
34.8
34.8
34.76
34.88
34.81
34.84
34.81
34.81
34.74
34.8
34.83
34.84
34.81
34.86
34.78
34.85
34.84
34.77
34.83
34.86
34.79
34.83
34.78
34.88
34.84
34.86
34.74
34.83
34.77
34.76
34.8
34.78
34.77
34.81
34.78
34.78
34.88
34.8
34.83
34.8
34.77
34.84
34.84
34.74
34.84
34.79
34.84
34.83
34.78
34.78
34.79
34.8
34.8
34.85
34.78
34.83
34.84
34.81
34.86
34.81
34.74
34.83
34.8
34.8
34.84
34.79
34.72
34.83
34.83
34.83
34.79
34.77
34.77
34.83
34.83
34.79
34.78
34.84
34.84
34.81
34.81
34.84
34.88
34.74
34.84
34.81
34.8
34.79
34.81
34.83
34.79
34.81
34.77
34.78
34.84
34.76
34.74
34.78
34.84
34.78
34.77
34.84
34.8
34.81
34.86
34.83
34.79
34.81
34.79
34.81
34.78
34.79
34.83
34.86
34.77
34.83
34.83
34.77
34.8
34.78
34.76
34.84
34.83
34.84
34.78
34.77
34.84
34.8
34.79
34.74
34.85
34.88
34.74
34.84
34.77
34.83
34.8
34.78
34.83
34.78
34.79
34.78
34.85
34.74
34.77
34.79
34.8
34.79
34.8
34.78
34.83
34.78
34.85
34.79
34.8
34.83
34.8
34.8
34.83
34.86
34.79
34.8
34.8
34.81
34.79
34.72
34.83
34.7
34.77
34.83
34.79
34.83
34.78
34.85
34.79
34.8
34.74
34.72
34.85
34.77
34.81
34.84
34.78
34.73
34.73
34.81
34.78
34.79
34.78
34.7
34.77
34.8
34.77
34.79
34.78
34.78
34.78
34.77
34.83
34.8
34.81
34.85
34.77
34.83
34.81
34.78
34.8
34.88
34.81
34.78
34.78
34.7
34.8
34.78
34.81
34.8
34.79
34.78
34.77
34.77
34.83
34.78
34.78
34.84
34.7
34.78
34.84
34.8
34.83
34.78
34.81
34.81
34.88
34.83
34.8
34.74
34.79
34.79
34.78
34.83
34.78
34.78
34.86
34.78
34.78
34.83
34.79
34.8
34.76
34.78
34.8
34.78
34.78
34.78
34.74
34.8
34.81
34.77
34.8
34.8
34.81
34.83
34.78
34.83
34.74
34.77
34.78
34.77
34.83
34.8
34.79
34.79
34.77
34.8
34.72
34.78
34.78
34.73
34.76
34.72
34.83
34.76
34.79
34.73
34.77
34.78
34.78
34.73
34.7
34.8
34.86
34.78
34.73
34.78
34.81
34.72
34.77
34.78
34.76
34.77
34.76
34.83
34.77
34.77
34.86
34.78
34.73
34.8
34.81
34.8
34.77
34.83
34.73
34.85
34.76
34.72
34.74
34.81
34.77
34.77
34.8
34.77
34.78
34.74
34.78
34.78
34.81
34.76
34.8
34.72
34.81
34.81
34.81
34.81
34.78
34.78
34.78
34.8
34.76
34.83
34.83
34.83
34.8
34.77
34.78
34.83
34.77
34.78
34.83
34.76
34.74
34.76
34.74
34.81
34.81
34.78
34.77
34.81
34.77
34.81
34.72
34.81
34.81
34.78
34.74
34.78
34.74
34.73
34.7
34.72
34.78
34.76
34.81
34.74
34.81
34.78
34.77
34.77
34.81
34.73
34.77
34.8
34.79
34.79
34.81
34.72
34.74
34.79
34.74
34.74
34.77
34.78
34.74
34.74
34.7
34.7
34.79
34.79
34.77
34.81
34.79
34.74
34.74
34.76
34.76
34.7
34.78
34.74
34.7
34.74
34.8
34.74
34.7
34.74
34.76
34.73
34.74
34.76
34.73
34.8
34.77
34.72
34.73
34.76
34.7
34.72
34.7
34.8
34.7
34.83
34.73
34.74
34.72
34.73
34.7
34.76
34.73
34.66
34.7
34.7
34.67
34.72
34.77
34.74
34.74
34.78
34.76
34.74
34.72
34.68
34.72
34.7
34.78
34.76
34.79
34.79
34.7
34.73
34.73
34.72
34.7
34.68
34.68
34.74
34.7
34.73
34.7
34.67
34.74
34.74
34.74
34.76
34.7
34.68
34.73
34.7
34.68
34.72
34.79
34.66
34.68
34.74
34.77
34.7
34.74
34.76
34.7
34.7
34.73
34.73
34.74
34.74
34.72
34.73
34.77
34.7
34.61
34.73
34.65
34.76
34.7
34.63
34.7
34.78
34.68
34.68
34.7
34.65
34.7
34.7
34.73
34.78
34.7
34.7
34.73
34.74
34.65
34.72
34.73
34.76
34.73
34.74
34.72
34.7
34.7
34.74
34.66
34.7
34.63
34.68
34.8
34.7
34.76
34.74
34.72
34.72
34.7
34.79
34.76
34.68
34.74
34.74
34.7
34.79
34.76
34.76
34.76
34.7
34.7
34.76
34.79
34.72
34.8
34.76
34.79
34.72
34.74
34.78
34.78
34.77
34.7
34.7
34.73
34.7
34.74
34.72
34.66
34.79
34.67
34.79
34.77
34.74
34.74
34.76
34.74
34.72
34.78
34.7
34.68
34.74
34.7
34.67
34.74
34.68
34.74
34.73
34.73
34.72
34.8
34.74
34.74
34.77
34.74
34.7
34.77
34.74
34.74
34.78
34.7
34.7
34.77
34.72
34.7
34.68
34.74
34.7
34.74
34.7
34.78
34.7
34.79
34.74
34.74
34.72
34.76
34.76
34.74
34.7
34.79
34.79
34.86
34.73
34.76
34.7
34.68
34.8
34.76
34.7
34.8
34.74
34.78
34.76
34.76
34.7
34.8
34.81
34.76
34.74
34.73
34.77
34.79
34.72
34.7
34.72
34.76
34.76
34.7
34.7
34.68
34.72
34.78
34.7
34.78
34.73
34.73
34.73
34.7
34.74
34.7
34.7
34.74
34.72
34.79
34.7
34.63
34.73
34.76
34.77
34.77
34.65
34.77
34.77
34.8
34.7
34.74
34.74
34.76
34.77
34.7
34.78
34.76
34.7
34.78
34.76
34.76
34.7
34.78
34.74
34.74
34.78
34.77
34.78
34.68
34.8
34.7
34.72
34.74
34.76
34.7
34.78
34.7
34.77
34.83
34.78
34.81
34.76
34.78
34.68
34.81
34.72
34.77
34.73
34.7
34.77
34.74
34.74
34.74
34.74
34.74
34.76
34.8
34.74
34.84
34.78
34.78
34.81
34.73
34.7
34.81
34.78
34.8
34.76
34.77
34.77
34.78
34.86
34.78
34.83
34.74
34.84
34.77
34.77
34.79
34.77
34.72
34.74
34.7
34.83
34.79
34.74
34.8
34.73
34.77
34.78
34.79
34.79
34.7
34.74
34.78
34.7
34.77
34.73
34.77
34.74
34.76
34.73
34.8
34.77
34.72
34.74
34.77
34.78
34.76
34.77
34.78
34.72
34.85
34.78
34.77
34.72
34.78
34.81
34.77
34.74
34.77
34.7
34.72
34.78
34.77
34.77
34.78
34.74
34.84
34.91
34.77
34.79
34.76
34.74
34.79
34.68
34.76
34.7
34.77
34.8
34.78
34.81
34.78
34.8
34.7
34.76
34.7
34.81
34.77
34.73
34.83
34.8
34.79
34.78
34.74
34.79
34.8
34.78
34.76
34.72
34.74
34.8
34.78
34.76
34.74
34.83
34.79
34.77
34.74
34.74
34.8
34.77
34.74
34.79
34.78
34.74
34.77
34.79
34.74
34.81
34.77
34.77
34.77
34.76
34.77
34.79
34.74
34.74
34.72
34.8
34.74
34.79
34.77
34.76
34.81
34.77
34.74
34.7
34.74
34.74
34.77
34.78
34.83
34.76
34.76
34.78
34.78
34.74
34.74
34.77
34.78
34.78
34.77
34.77
34.7
34.67
34.76
34.84
34.8
34.77
34.78
34.73
34.78
34.76
34.78
34.76
34.78
34.74
34.83
34.77
34.85
34.73
34.78
34.77
34.81
34.8
34.72
34.73
34.84
34.77
34.73
34.83
34.7
34.73
34.74
34.72
34.79
34.8
34.77
34.72
34.72
34.72
34.74
34.68
34.72
34.76
34.77
34.78
34.86
34.79
34.7
34.7
34.74
34.74
34.78
34.76
34.79
34.79
34.7
34.78
34.78
34.74
34.72
34.68
34.74
34.78
34.72
34.77
34.74
34.73
34.78
34.81
34.76
34.86
34.77
34.83
34.72
34.81
34.84
34.74
34.72
34.73
34.74
34.79
34.81
34.77
34.77
34.72
34.66
34.78
34.7
34.72
34.73
34.8
34.7
34.8
34.76
34.84
34.76
34.74
34.8
34.7
34.78
34.8
34.72
34.77
34.76
34.74
34.84
34.78
34.76
34.79
34.74
34.74
34.78
34.78
34.74
34.78
34.74
34.8
34.8
34.72
34.79
34.73
34.77
34.74
34.8
34.74
34.73
34.86
34.78
34.8
34.74
34.78
34.77
34.77
34.78
34.79
34.79
34.84
34.76
34.73
34.73
34.79
34.78
34.8
34.8
34.77
34.8
34.76
34.79
34.8
34.7
34.81
34.74
34.76
34.74
34.76
34.76
34.77
34.83
34.8
34.84
34.76
34.77
34.84
34.8
34.74
34.8
34.77
34.88
34.78
34.77
34.73
34.84
34.77
34.74
34.8
34.8
34.8
34.78
34.77
34.85
34.81
34.83
34.77
34.77
34.78
34.81
34.83
34.76
34.8
34.78
34.76
34.74
34.78
34.79
34.83
34.7
34.74
34.77
34.81
34.79
34.78
34.83
34.78
34.78
34.78
34.84
34.78
34.78
34.73
34.81
34.78
34.78
34.83
34.77
34.76
34.8
34.77
34.77
34.8
34.72
34.77
34.83
34.78
34.73
34.65
34.83
34.77
34.8
34.72
34.67
34.74
34.8
34.7
34.83
34.78
34.77
34.72
34.78
34.73
34.76
34.79
34.76
34.74
34.84
34.79
34.78
34.73
34.78
34.78
34.76
34.76
34.76
34.8
34.81
34.74
34.74
34.7
34.76
34.86
34.83
34.78
34.77
34.79
34.79
34.79
34.78
34.77
34.8
34.74
34.74
34.76
34.81
34.7
34.76
34.76
34.78
34.78
34.7
34.86
34.77
34.76
34.76
34.78
34.76
34.79
34.77
34.73
34.79
34.84
34.85
34.73
34.78
34.78
34.78
34.73
34.77
34.74
34.78
34.88
34.81
34.77
34.81
34.76
34.78
34.76
34.78
34.79
34.81
34.8
34.74
34.73
34.76
34.81
34.8
34.76
34.81
34.78
34.83
34.83
34.78
34.78
34.83
34.73
34.7
34.74
34.78
34.81
34.72
34.8
34.78
34.83
34.76
34.7
34.84
34.78
34.7
34.8
34.72
34.85
34.79
34.78
34.72
34.72
34.81
34.78
34.74
34.73
34.78
34.83
34.8
34.76
34.81
34.78
34.79
34.79
34.8
34.81
34.76
34.78
34.8
34.79
34.83
34.78
34.81
34.85
34.81
34.8
34.77
34.73
34.78
34.8
34.78
34.8
34.79
34.72
34.77
34.79
34.76
34.72
34.81
34.77
34.83
34.74
34.8
34.79
34.78
34.84
34.76
34.74
34.8
34.78
34.8
34.76
34.76
34.77
34.77
34.81
34.8
34.72
34.73
34.77
34.77
34.79
34.79
34.72
34.8
34.79
34.76
34.79
34.8
34.72
34.83
34.7
34.78
34.76
34.76
34.7
34.76
34.8
34.76
34.81
34.83
34.78
34.8
34.78
34.76
34.83
34.8
34.85
34.8
34.8
34.76
34.8
34.78
34.78
34.77
34.8
34.77
34.7
34.77
34.79
34.79
34.79
34.74
34.77
34.77
34.85
34.77
34.83
34.78
34.78
34.83
34.77
34.8
34.77
34.76
34.72
34.81
34.8
34.8
34.84
34.76
34.74
34.73
34.73
34.77
34.79
34.77
34.79
34.78
34.79
34.72
34.73
34.79
34.8
34.73
34.76
34.79
34.78
34.78
34.76
34.76
34.76
34.81
34.85
34.73
34.73
34.74
34.8
34.72
34.83
34.8
34.7
34.7
34.83
34.81
34.8
34.77
34.76
34.76
34.8
34.76
34.78
34.74
34.76
34.76
34.79
34.76
34.77
34.78
34.83
34.84
34.77
34.83
34.78
34.77
34.79
34.83
34.7
34.85
34.8
34.8
34.81
34.81
34.8
34.79
34.76
34.78
34.78
34.77
34.8
34.78
34.86
34.81
34.81
34.78
34.79
34.7
34.8
34.78
34.83
34.77
34.83
34.77
34.79
34.78
34.76
34.85
34.78
34.88
34.78
34.83
34.78
34.8
34.8
34.76
34.78
34.76
34.76
34.8
34.8
34.78
34.77
34.83
34.86
34.84
34.79
34.78
34.81
34.79
34.85
34.77
34.79
34.79
34.78
34.84
34.79
34.78
34.8
34.77
34.8
34.77
34.83
34.85
34.81
34.79
34.77
34.79
34.8
34.79
34.8
34.79
34.77
34.79
34.77
34.85
34.76
34.79
34.84
34.78
34.78
34.81
34.76
34.78
34.83
34.83
34.84
34.83
34.77
34.78
34.8
34.78
34.8
34.78
34.8
34.78
34.83
34.8
34.83
34.78
34.77
34.77
34.79
34.77
34.77
34.77
34.77
34.77
34.77
34.76
34.72
34.79
34.76
34.73
34.78
34.78
34.76
34.81
34.73
34.73
34.79
34.76
34.78
34.8
34.8
34.77
34.73
34.77
34.78
34.83
34.79
34.76
34.77
34.79
34.79
34.77
34.78
34.84
34.8
34.79
34.84
34.76
34.73
34.76
34.8
34.79
34.83
34.73
34.73
34.78
34.76
34.76
34.79
34.76
34.76
34.76
34.77
34.8
34.79
34.76
34.78
34.72
34.85
34.67
34.78
34.78
34.76
34.72
34.77
34.79
34.73
34.79
34.78
34.73
34.73
34.76
34.7
34.73
34.73
34.76
34.77
34.76
34.77
34.78
34.8
34.77
34.76
34.78
34.73
34.7
34.78
34.79
34.72
34.76
34.78
34.78
34.77
34.78
34.79
34.79
34.73
34.83
34.77
34.7
34.77
34.72
34.7
34.78
34.74
34.8
34.72
34.78
34.76
34.74
34.79
34.79
34.78
34.79
34.74
34.79
34.83
34.74
34.77
34.91
34.8
34.79
34.83
34.83
34.83
34.76
34.77
34.8
34.84
34.72
34.83
34.8
34.79
34.8
34.77
34.79
34.83
34.79
34.8
34.79
34.83
34.84
34.74
34.73
34.78
34.77
34.79
34.8
34.77
34.8
34.77
34.74
34.83
34.77
34.77
34.8
34.8
34.81
34.78
34.74
34.8
34.79
34.77
34.79
34.79
34.84
34.83
34.76
34.8
34.78
34.77
34.83
34.79
34.77
34.78
34.76
34.84
34.83
34.84
34.83
34.76
34.73
34.79
34.78
34.76
34.79
34.74
34.78
34.84
34.84
34.73
34.8
34.73
34.8
34.76
34.8
34.8
34.84
34.8
34.77
34.81
34.8
34.83
34.78
34.79
34.77
34.79
34.85
34.83
34.79
34.8
34.79
34.74
34.79
34.78
34.8
34.79
34.85
34.79
34.76
34.84
34.7
34.84
34.8
34.8
34.8
34.8
34.77
34.73
34.77
34.78
34.8
34.76
34.84
34.79
34.83
34.76
34.86
34.84
34.78
34.88
34.76
34.85
34.76
34.79
34.8
34.77
34.83
34.8
34.72
34.79
34.8
34.83
34.79
34.8
34.72
34.8
34.83
34.83
34.78
34.83
34.78
34.8
34.84
34.83
34.84
34.76
34.86
34.83
34.79
34.84
34.78
34.83
34.8
34.77
34.79
34.83
34.79
34.85
34.8
34.78
34.83
34.74
34.83
34.8
34.79
34.83
34.77
34.79
34.81
34.84
34.84
34.79
34.83
34.86
34.84
34.78
34.83
34.83
34.79
34.83
34.85
34.79
34.72
34.81
34.85
34.76
34.8
34.79
34.77
34.8
34.83
34.86
34.77
34.8
34.74
34.83
34.86
34.76
34.81
34.84
34.86
34.83
34.76
34.84
34.84
34.84
34.81
34.83
34.84
34.83
34.83
34.83
34.79
34.8
34.83
34.83
34.86
34.86
34.79
34.8
34.79
34.83
34.85
34.85
34.79
34.79
34.83
34.85
34.83
34.84
34.83
34.9
34.8
34.84
34.83
34.7
34.84
34.8
34.77
34.8
34.79
34.74
34.78
34.8
34.88
34.68
34.83
34.8
34.84
34.85
34.77
34.81
34.83
34.79
34.83
34.76
34.76
34.79
34.8
34.83
34.83
34.84
34.83
34.76
34.78
34.77
34.88
34.79
34.79
34.79
34.78
34.84
34.78
34.8
34.77
34.81
34.84
34.88
34.84
34.8
34.85
34.8
34.8
34.79
34.79
34.79
34.84
34.83
34.83
34.85
34.8
34.83
34.77
34.88
34.84
34.83
34.8
34.79
34.76
34.88
34.8
34.77
34.84
34.86
34.78
34.84
34.79
34.83
34.73
34.83
34.84
34.73
34.88
34.84
34.78
34.79
34.81
34.86
34.83
34.79
34.84
34.76
34.72
34.79
34.8
34.83
34.76
34.84
34.77
34.85
34.8
34.84
34.86
34.88
34.85
34.85
34.84
34.86
34.81
34.8
34.81
34.83
34.78
34.76
34.81
34.88
34.81
34.84
34.83
34.74
34.77
34.84
34.84
34.84
34.8
34.8
34.83
34.84
34.85
34.79
34.79
34.8
34.83
34.8
34.8
34.74
34.79
34.84
34.81
34.76
34.86
34.76
34.81
34.8
34.79
34.73
34.76
34.84
34.79
34.83
34.81
34.79
34.79
34.83
34.76
34.8
34.83
34.77
34.77
34.74
34.74
34.86
34.78
34.8
34.78
34.81
34.85
34.79
34.8
34.77
34.8
34.8
34.86
34.88
34.79
34.8
34.84
34.83
34.73
34.84
34.8
34.78
34.85
34.88
34.74
34.84
34.81
34.8
34.83
34.86
34.81
34.8
34.84
34.85
34.86
34.74
34.79
34.83
34.84
34.81
34.83
34.79
34.81
34.85
34.74
34.81
34.79
34.85
34.84
34.85
34.88
34.79
34.79
34.81
34.81
34.86
34.78
34.83
34.77
34.84
34.88
34.81
34.84
34.83
34.81
34.8
34.86
34.77
34.8
34.76
34.79
34.81
34.85
34.79
34.85
34.79
34.84
34.85
34.9
34.83
34.83
34.84
34.8
34.85
34.73
34.78
34.76
34.77
34.8
34.8
34.81
34.83
34.79
34.76
34.78
34.81
34.79
34.79
34.81
34.8
34.8
34.83
34.77
34.81
34.83
34.77
34.84
34.74
34.76
34.8
34.85
34.74
34.84
34.76
34.84
34.85
34.85
34.77
34.76
34.83
34.7
34.83
34.79
34.79
34.81
34.8
34.79
34.76
34.8
34.76
34.8
34.84
34.84
34.85
34.79
34.81
34.83
34.81
34.83
34.74
34.85
34.86
34.86
34.79
34.83
34.83
34.79
34.9
34.74
34.8
34.85
34.8
34.74
34.78
34.81
34.83
34.88
34.81
34.8
34.8
34.81
34.9
34.77
34.8
34.83
34.81
34.8
34.83
34.85
34.86
34.79
34.85
34.8
34.85
34.83
34.79
34.8
34.8
34.79
34.74
34.86
34.85
34.88
34.88
34.85
34.85
34.81
34.8
34.81
34.8
34.8
34.86
34.76
34.8
34.83
34.79
34.81
34.79
34.91
34.85
34.79
34.83
34.73
34.85
34.8
34.9
34.9
34.84
34.79
34.88
34.79
34.8
34.86
34.85
34.85
34.77
34.77
34.84
34.85
34.83
34.88
34.78
34.81
34.83
34.78
34.85
34.88
34.81
34.83
34.8
34.83
34.85
34.84
34.79
34.83
34.8
34.81
34.91
34.88
34.86
34.85
34.83
34.86
34.85
34.88
34.8
34.91
34.81
34.85
34.81
34.88
34.79
34.85
34.83
34.86
34.86
34.77
34.83
34.84
34.88
34.85
34.86
34.85
34.84
34.85
34.91
34.81
34.81
34.88
34.83
34.8
34.79
34.85
34.81
34.8
34.85
34.81
34.8
34.8
34.77
34.86
34.86
34.72
34.85
34.8
34.77
34.92
34.83
34.83
34.76
34.86
34.83
34.86
34.86
34.77
34.77
34.8
34.76
34.79
34.85
34.88
34.8
34.8
34.86
34.8
34.81
34.8
34.85
34.83
34.86
34.8
34.91
34.83
34.81
34.91
34.88
34.84
34.86
34.79
34.84
34.85
34.88
34.8
34.84
34.84
34.78
34.88
34.86
34.88
34.81
34.84
34.8
34.85
34.78
34.81
34.81
34.81
34.88
34.8
34.85
34.81
34.83
34.84
34.86
34.84
34.78
34.86
34.85
34.8
34.88
34.85
34.85
34.81
34.81
34.85
34.84
34.85
34.8
34.78
34.8
34.81
34.85
34.88
34.85
34.78
34.88
34.84
34.85
34.84
34.85
34.81
34.81
34.84
34.8
34.84
34.8
34.8
34.8
34.83
34.77
34.81
34.79
34.8
34.83
34.81
34.85
34.8
34.91
34.83
34.81
34.83
34.79
34.81
34.84
34.88
34.79
34.86
34.8
34.79
34.83
34.76
34.81
34.79
34.8
34.86
34.72
34.88
34.85
34.85
34.81
34.81
34.79
34.77
34.83
34.74
34.76
34.86
34.77
34.79
34.79
34.74
34.8
34.84
34.81
34.84
34.78
34.79
34.86
34.85
34.81
34.83
34.81
34.81
34.85
34.83
34.85
34.81
34.84
34.8
34.83
34.8
34.83
34.85
34.91
34.78
34.88
34.8
34.8
34.86
34.84
34.79
34.8
34.9
34.8
34.81
34.88
34.81
34.74
34.8
34.77
34.83
34.8
34.91
34.81
34.86
34.8
34.77
34.8
34.8
34.84
34.84
34.81
34.81
34.79
34.85
34.8
34.88
34.84
34.81
34.8
34.8
34.77
34.79
34.81
34.83
34.77
34.88
34.9
34.85
34.83
34.79
34.84
34.81
34.83
34.85
34.76
34.74
34.81
34.91
34.78
34.85
34.79
34.92
34.86
34.83
34.88
34.83
34.86
34.83
34.81
34.79
34.85
34.77
34.85
34.85
34.88
34.79
34.84
34.81
34.81
34.8
34.86
34.88
34.81
34.8
34.86
34.86
34.77
34.85
34.84
34.86
34.81
34.79
34.86
34.8
34.9
34.77
34.84
34.79
34.81
34.86
34.79
34.81
34.88
34.8
34.8
34.79
34.81
34.8
34.83
34.84
34.83
34.88
34.86
34.81
34.85
34.86
34.88
34.78
34.85
34.83
34.83
34.86
34.84
34.81
34.81
34.8
34.81
34.76
34.8
34.77
34.83
34.8
34.83
34.84
34.85
34.79
34.79
34.79
34.8
34.91
34.8
34.84
34.81
34.81
34.76
34.88
34.84
34.81
34.84
34.81
34.76
34.76
34.85
34.76
34.83
34.81
34.83
34.85
34.84
34.85
34.81
34.81
34.8
34.84
34.79
34.79
34.79
34.78
34.83
34.83
34.84
34.84
34.79
34.79
34.74
34.79
34.73
34.83
34.76
34.73
34.8
34.79
34.74
34.77
34.74
34.76
34.77
34.81
34.8
34.76
34.81
34.85
34.78
34.85
34.77
34.74
34.8
34.78
34.78
34.79
34.81
34.76
34.81
34.76
34.8
34.7
34.81
34.78
34.8
34.81
34.9
34.83
34.84
34.8
34.79
34.79
34.76
34.8
34.79
34.83
34.85
34.79
34.85
34.77
34.77
34.83
34.8
34.76
34.85
34.79
34.78
34.79
34.86
34.86
34.79
34.78
34.85
34.79
34.78
34.85
34.8
34.79
34.81
34.78
34.88
34.83
34.83
34.83
34.74
34.8
34.86
34.8
34.83
34.81
34.81
34.85
34.85
34.8
34.84
34.74
34.81
34.85
34.74
34.86
34.86
34.83
34.78
34.85
34.81
34.84
34.85
34.83
34.77
34.79
34.81
34.79
34.86
34.8
34.79
34.85
34.81
34.8
34.8
34.76
34.81
34.8
34.84
34.77
34.8
34.81
34.8
34.83
34.81
34.79
34.81
34.74
34.84
34.83
34.88
34.83
34.79
34.78
34.84
34.86
34.76
34.77
34.84
34.81
34.79
34.79
34.85
34.83
34.81
34.85
34.73
34.79
34.73
34.8
34.79
34.78
34.8
34.78
34.81
34.79
34.76
34.8
34.79
34.81
34.76
34.84
34.76
34.79
34.79
34.84
34.76
34.85
34.83
34.67
34.84
34.78
34.79
34.77
34.76
34.79
34.79
34.85
34.84
34.81
34.78
34.8
34.79
34.8
34.83
34.81
34.74
34.77
34.78
34.88
34.77
34.79
34.83
34.79
34.74
34.84
34.85
34.86
34.8
34.8
34.8
34.78
34.78
34.86
34.85
34.74
34.8
34.76
34.81
34.83
34.84
34.8
34.8
34.76
34.74
34.81
34.79
34.79
34.74
34.74
34.74
34.8
34.83
34.74
34.79
34.79
34.7
34.76
34.8
34.76
34.85
34.73
34.79
34.76
34.85
34.74
34.83
34.68
34.72
34.79
34.73
34.8
34.8
34.77
34.84
34.79
34.8
34.77
34.84
34.8
34.79
34.77
34.74
34.76
34.81
34.8
34.83
34.77
34.84
34.76
34.8
34.83
34.8
34.8
34.76
34.8
34.8
34.81
34.81
34.8
34.8
34.76
34.85
34.76
34.78
34.8
34.85
34.77
34.81
34.8
34.85
34.81
34.8
34.83
34.78
34.79
34.88
34.8
34.77
34.85
34.76
34.73
34.79
34.77
34.8
34.77
34.73
34.79
34.73
34.79
34.83
34.88
34.8
34.74
34.81
34.79
34.74
34.85
34.84
34.77
34.81
34.79
34.79
34.84
34.8
34.79
34.83
34.79
34.84
34.79
34.78
34.8
34.86
34.84
34.85
34.81
34.81
34.79
34.79
34.8
34.81
34.83
34.81
34.8
34.8
34.76
34.83
34.85
34.81
34.81
34.83
34.73
34.81
34.79
34.8
34.72
34.83
34.8
34.78
34.83
34.77
34.81
34.77
34.79
34.77
34.78
34.77
34.79
34.79
34.73
34.76
34.85
34.88
34.83
34.79
34.76
34.83
34.77
34.79
34.84
34.85
34.79
34.74
34.73
34.73
34.72
34.83
34.8
34.8
34.84
34.76
34.8
34.81
34.79
34.76
34.84
34.8
34.76
34.81
34.79
34.76
34.77
34.79
34.7
34.85
34.8
34.81
34.74
34.79
34.76
34.74
34.79
34.78
34.77
34.81
34.7
34.72
34.76
34.84
34.81
34.78
34.8
34.76
34.79
34.74
34.79
34.78
34.79
34.79
34.72
34.79
34.76
34.8
34.79
34.73
34.74
34.74
34.78
34.79
34.85
34.74
34.78
34.74
34.79
34.78
34.78
34.85
34.76
34.79
34.79
34.73
34.81
34.83
34.86
34.76
34.74
34.77
34.81
34.8
34.81
34.76
34.84
34.84
34.77
34.79
34.78
34.8
34.77
34.84
34.74
34.79
34.74
34.81
34.76
34.79
34.76
34.79
34.76
34.79
34.76
34.78
34.84
34.76
34.8
34.74
34.81
34.73
34.83
34.83
34.8
34.73
34.72
34.81
34.74
34.84
34.83
34.74
34.72
34.83
34.79
34.83
34.79
34.77
34.83
34.81
34.78
34.8
34.74
34.83
34.85
34.73
34.79
34.83
34.8
34.74
34.73
34.8
34.8
34.79
34.76
34.8
34.74
34.84
34.83
34.8
34.8
34.8
34.79
34.86
34.86
34.8
34.8
34.77
34.84
34.8
34.85
34.79
34.83
34.83
34.79
34.79
34.79
34.73
34.84
34.79
34.79
34.79
34.76
34.8
34.84
34.74
34.79
34.8
34.78
34.76
34.78
34.84
34.77
34.83
34.76
34.78
34.8
34.84
34.77
34.77
34.81
34.83
34.76
34.79
34.73
34.77
34.77
34.8
34.72
34.78
34.79
34.76
34.74
34.73
34.84
34.8
34.83
34.85
34.78
34.83
34.79
34.81
34.68
34.79
34.81
34.76
34.79
34.8
34.78
34.74
34.78
34.76
34.76
34.79
34.76
34.74
34.8
34.83
34.79
34.79
34.83
34.76
34.83
34.77
34.78
34.8
34.7
34.7
34.72
34.76
34.79
34.83
34.79
34.73
34.78
34.76
34.78
34.77
34.8
34.83
34.83
34.73
34.78
34.88
34.79
34.79
34.76
34.81
34.78
34.77
34.81
34.8
34.7
34.84
34.78
34.77
34.76
34.78
34.72
34.78
34.77
34.73
34.78
34.77
34.72
34.78
34.8
34.73
34.76
34.78
34.78
34.76
34.83
34.76
34.74
34.77
34.7
34.78
34.72
34.78
34.77
34.72
34.77
34.79
34.83
34.79
34.79
34.86
34.76
34.74
34.73
34.77
34.79
34.77
34.78
34.79
34.73
34.72
34.78
34.76
34.83
34.8
34.78
34.77
34.77
34.72
34.78
34.77
34.8
34.73
34.78
34.74
34.79
34.73
34.79
34.78
34.76
34.76
34.77
34.77
34.83
34.73
34.76
34.77
34.73
34.76
34.72
34.7
34.78
34.76
34.78
34.72
34.77
34.78
34.8
34.74
34.7
34.78
34.83
34.73
34.72
34.72
34.83
34.76
34.78
34.83
34.73
34.74
34.84
34.74
34.73
34.77
34.73
34.79
34.84
34.76
34.72
34.83
34.73
34.73
34.78
34.78
34.78
34.76
34.78
34.79
34.78
34.72
34.74
34.79
34.83
34.78
34.76
34.74
34.78
34.8
34.76
34.83
34.83
34.74
34.76
34.72
34.78
34.73
34.76
34.81
34.79
34.72
34.76
34.78
34.78
34.73
34.84
34.7
34.76
34.78
34.77
34.78
34.76
34.79
34.78
34.79
34.8
34.78
34.8
34.76
34.72
34.83
