25.87
25.97
25.9
25.86
25.9
25.87
25.95
25.98
25.94
25.96
25.97
26.01
25.99
26.07
26.08
26.23
26.1
26.29
26.34
26.3
26.35
26.41
26.48
26.57
26.63
26.59
26.72
26.76
26.87
26.95
27.01
27.01
27.04
27.15
27.19
27.36
27.36
27.41
27.45
27.59
27.59
27.68
27.7
27.81
27.91
27.96
27.92
28.02
28.14
28.19
28.2
28.27
28.27
28.39
28.47
28.47
28.56
28.63
28.71
28.73
28.85
28.89
28.97
29.03
28.99
29.01
29.09
29.19
29.21
29.34
29.34
29.38
29.41
29.47
29.52
29.52
29.66
29.7
29.73
29.84
29.9
29.91
29.97
30.06
30.05
29.99
30.12
30.2
30.23
30.25
30.32
30.33
30.39
30.48
30.52
30.59
30.64
30.66
30.66
30.75
30.82
30.81
30.88
30.9
30.92
30.99
30.99
31.05
31.05
31.16
31.23
31.22
31.22
31.4
31.36
31.33
31.42
31.48
31.52
31.58
31.62
31.64
31.66
31.75
31.78
31.78
31.84
31.88
31.91
31.96
32.0
32.05
32.09
32.05
32.23
32.18
32.2
32.23
32.23
32.36
32.4
32.45
32.45
32.45
32.48
32.53
32.56
32.66
32.66
32.74
32.68
32.79
32.83
32.78
32.84
32.91
32.97
32.94
32.98
33.02
33.04
33.13
33.14
33.16
33.19
33.23
33.21
33.32
33.35
33.32
33.39
33.42
33.46
33.55
33.57
33.55
33.58
33.63
33.66
33.59
33.75
33.76
33.79
33.84
33.91
33.89
33.91
33.95
33.91
33.98
34.05
34.05
34.12
34.2
34.12
34.22
34.2
34.24
34.2
34.35
34.32
34.38
34.47
34.49
34.45
34.54
34.54
34.54
34.63
34.68
34.65
34.63
34.72
34.66
34.7
34.81
34.8
34.86
34.92
34.92
34.86
34.99
35.08
35.03
35.08
35.1
35.13
35.21
35.19
35.14
35.27
35.28
35.32
35.3
35.37
35.46
35.4
35.44
35.44
35.52
35.55
35.53
35.64
35.67
35.71
35.77
35.76
35.76
35.83
35.86
35.87
35.89
35.83
35.89
35.88
36.02
36.0
36.05
36.13
36.09
36.13
36.1
36.09
36.23
36.28
36.28
36.32
36.34
36.41
36.39
36.41
36.45
36.45
36.59
36.52
36.55
36.59
36.66
36.7
36.7
36.77
36.75
36.75
36.77
36.82
36.84
36.95
36.95
36.95
37.02
36.97
36.97
37.02
37.13
37.13
37.11
37.1
37.17
37.16
37.2
37.17
37.13
37.1
37.1
37.16
37.07
37.05
37.05
36.93
37.02
36.99
36.95
36.91
36.93
36.82
36.8
36.77
36.74
36.68
36.7
36.63
36.59
36.59
36.5
36.34
36.41
36.32
36.38
36.31
36.23
36.2
36.14
36.09
36.08
36.02
36.0
35.95
35.95
35.91
35.86
35.83
35.73
35.77
35.7
35.69
35.59
35.57
35.6
35.55
35.46
35.44
35.41
35.38
35.34
35.37
35.32
35.23
35.21
35.23
35.17
35.19
35.12
35.15
35.06
35.12
35.03
34.97
34.98
35.01
34.91
34.94
34.88
34.84
34.88
34.88
34.84
34.77
34.72
34.74
34.7
34.74
34.67
34.7
34.63
34.63
34.56
34.61
34.63
34.6
34.53
34.56
34.48
34.48
34.38
34.51
34.45
34.35
34.45
34.49
34.35
34.31
34.36
34.35
34.29
34.27
34.34
34.25
34.24
34.27
34.3
34.24
34.2
34.2
34.16
34.2
34.16
34.16
34.16
34.13
34.16
34.12
34.09
34.11
34.12
34.06
34.11
34.07
34.07
34.05
34.07
34.02
34.02
34.02
34.06
33.98
33.98
33.95
33.98
33.98
33.95
33.93
33.96
34.02
33.95
33.86
33.86
33.86
33.91
33.96
33.91
33.86
33.75
33.87
33.86
33.84
33.84
33.84
33.81
33.79
33.79
33.76
33.81
33.81
33.84
33.75
33.81
33.81
33.84
33.81
33.7
33.73
33.75
33.7
33.76
33.69
33.7
33.68
33.79
33.68
33.71
33.68
33.73
33.68
33.69
33.7
33.77
33.71
33.57
33.64
33.62
33.62
33.66
33.71
33.64
33.62
33.63
33.7
33.57
33.69
33.55
33.6
33.58
33.64
33.57
33.62
33.58
33.57
33.63
33.64
33.59
33.55
33.66
33.59
33.57
33.53
33.64
33.58
33.63
33.62
33.58
33.59
33.55
33.51
33.58
33.57
33.57
33.6
33.57
33.58
33.51
33.55
33.58
33.51
33.51
33.53
33.48
33.55
33.58
33.55
33.48
33.55
33.48
33.53
33.58
33.48
33.57
33.48
33.51
33.45
33.53
33.57
33.42
33.51
33.5
33.51
33.48
33.52
33.48
33.53
33.5
33.48
33.51
33.4
33.45
33.48
33.55
33.41
33.4
33.52
33.52
33.48
33.48
33.46
33.42
33.48
33.48
33.48
33.42
33.45
33.48
33.48
33.42
33.5
33.46
33.46
33.46
33.44
33.45
33.44
33.42
33.42
33.48
33.45
33.39
33.46
33.48
33.39
33.45
33.41
33.4
33.41
33.46
33.44
33.44
33.46
33.46
33.38
33.38
33.45
33.41
33.46
33.41
33.39
33.45
33.4
33.45
33.42
33.48
33.34
33.48
33.45
33.4
33.42
33.51
33.35
33.41
33.41
33.42
33.4
33.45
33.38
33.42
33.42
33.42
33.37
33.35
33.41
33.41
33.45
33.45
33.45
33.39
33.45
33.45
33.41
33.51
33.39
33.42
33.41
33.41
33.45
33.38
33.37
33.41
33.4
33.39
33.37
33.4
33.44
33.44
33.34
33.41
33.41
33.39
33.39
33.42
33.46
33.37
33.44
33.41
33.4
33.48
33.45
33.42
33.45
33.48
33.51
33.42
33.45
33.44
33.46
33.39
33.41
33.33
33.46
33.45
33.42
33.46
33.44
33.46
33.37
33.45
33.41
33.44
33.44
33.45
33.45
33.45
33.44
33.44
33.48
33.46
33.5
33.55
33.45
33.53
33.45
33.48
33.46
33.41
33.5
33.51
33.46
33.48
33.45
33.46
33.48
33.45
33.42
33.44
33.52
33.52
33.52
33.48
33.48
33.48
33.51
33.48
33.52
33.51
33.52
33.51
33.48
33.5
33.48
33.48
33.51
33.44
33.48
33.53
33.48
33.57
33.5
33.52
33.48
33.52
33.48
33.57
33.44
33.5
33.51
33.53
33.55
33.55
33.55
33.55
33.53
33.55
33.52
33.52
33.52
33.57
33.52
33.48
33.59
33.55
33.58
33.58
33.52
33.53
33.52
33.55
33.6
33.55
33.55
33.57
33.53
33.53
33.64
33.55
33.58
33.53
33.63
33.58
33.6
33.69
33.63
33.55
33.63
33.55
33.59
33.73
33.68
33.64
33.62
33.62
33.64
33.52
33.66
33.63
33.66
33.66
33.71
33.66
33.62
33.68
33.64
33.6
33.7
33.62
33.66
33.64
33.66
33.69
33.71
33.73
33.7
33.73
33.69
33.71
33.63
33.71
33.69
33.73
33.68
33.73
33.73
33.7
33.68
33.75
33.73
33.69
33.77
33.73
33.73
33.71
33.73
33.7
33.79
33.73
33.79
33.73
33.66
33.73
33.73
33.73
33.76
33.68
33.73
33.71
33.84
33.75
33.73
33.75
33.81
33.77
33.68
33.81
33.79
33.8
33.77
33.75
33.73
33.81
33.84
33.73
33.8
33.79
33.76
33.82
33.82
33.79
33.79
33.79
33.81
33.76
33.79
33.88
33.79
33.88
33.87
33.84
33.84
33.84
33.8
33.86
33.86
33.81
33.91
33.88
33.87
33.91
33.95
33.88
33.88
33.89
33.82
33.87
33.81
33.91
33.88
33.88
33.89
33.89
33.96
33.91
33.86
33.91
33.91
33.98
33.91
33.87
33.95
33.8
33.89
34.02
33.95
33.87
33.95
33.96
33.96
33.98
33.89
33.98
33.96
33.88
33.96
33.93
34.0
33.98
33.98
33.91
33.93
33.96
34.05
33.96
33.96
34.07
33.93
34.02
34.04
34.02
33.95
34.02
34.02
33.96
33.98
34.11
34.02
33.98
34.02
34.09
33.93
34.06
34.04
34.02
34.06
34.09
34.0
34.0
34.06
34.02
34.02
34.11
34.06
34.09
34.16
34.0
34.09
33.98
34.09
34.12
34.09
34.16
34.02
34.13
34.13
34.13
34.06
34.16
34.12
34.09
34.12
34.18
34.06
34.14
34.16
34.18
34.07
34.2
34.14
34.13
34.16
34.18
34.24
34.14
34.16
34.2
34.16
34.16
34.16
34.18
34.29
34.14
34.2
34.18
34.2
34.24
34.13
34.23
34.23
34.24
34.23
34.27
34.22
34.2
34.24
34.3
34.22
34.22
34.22
34.23
34.24
34.25
34.29
34.29
34.3
34.31
34.27
34.27
34.31
34.27
34.3
34.2
34.29
34.25
34.38
34.27
34.3
34.31
34.29
34.35
34.32
34.25
34.32
34.29
34.31
34.32
34.25
34.3
34.41
34.3
34.29
34.27
34.34
34.36
34.3
34.3
34.32
34.38
34.36
34.36
34.42
34.3
34.35
34.36
34.4
34.34
34.43
34.32
34.45
34.32
34.45
34.35
34.43
34.34
34.35
34.38
34.45
34.41
34.47
34.38
34.41
34.43
34.42
34.36
34.47
34.45
34.4
34.51
34.42
34.41
34.36
34.49
34.47
34.41
34.43
34.43
34.45
34.47
34.38
34.47
34.45
34.48
34.45
34.43
34.43
34.43
34.41
34.41
34.43
34.43
34.38
34.36
34.35
34.41
34.3
34.38
34.42
34.31
34.35
34.31
34.32
34.31
34.32
34.34
34.31
34.23
34.22
34.3
34.25
34.23
34.25
34.23
34.22
34.25
34.16
34.22
34.24
34.16
34.12
34.2
34.16
34.12
34.09
34.12
34.14
34.14
34.12
34.09
34.13
34.18
34.11
34.07
34.09
34.06
34.06
34.04
34.06
34.07
34.11
34.02
34.06
33.98
34.02
34.06
33.98
34.02
33.98
33.98
33.95
33.91
33.89
33.95
34.07
33.98
33.91
33.93
33.93
33.98
33.95
33.95
33.95
33.95
34.0
34.0
33.95
33.98
33.91
33.91
34.0
33.88
33.93
33.91
33.88
33.96
33.86
33.89
33.89
33.93
33.82
33.91
33.84
33.91
33.8
33.86
33.84
33.84
33.88
33.84
33.84
33.86
33.82
33.84
33.86
33.87
33.84
33.84
33.86
33.82
33.73
33.81
33.81
33.84
33.79
33.87
33.79
33.8
33.84
33.77
33.73
33.82
33.8
33.73
33.76
33.77
33.7
33.8
33.79
33.8
33.79
33.84
33.77
33.69
33.69
33.71
33.81
33.76
33.7
33.77
33.71
33.77
33.71
33.73
33.66
33.69
33.73
33.77
33.73
33.71
33.77
33.7
33.75
33.75
33.73
33.7
33.68
33.68
33.68
33.7
33.7
33.71
33.75
33.73
33.7
33.73
33.73
33.71
33.73
33.66
33.71
33.75
33.73
33.66
33.68
33.7
33.68
33.6
33.68
33.68
33.68
33.68
33.7
33.69
33.63
33.7
33.63
33.7
33.64
33.73
33.66
33.6
33.64
33.59
33.66
33.63
33.6
33.68
33.6
33.62
33.57
33.66
33.59
33.58
33.55
33.55
33.59
33.63
33.55
33.62
33.63
33.66
33.57
33.64
33.6
33.55
33.69
33.63
33.63
33.63
33.62
33.62
33.55
33.59
33.55
33.64
33.59
33.58
33.59
33.59
33.64
33.63
33.63
33.62
33.68
33.7
33.62
33.66
33.7
33.75
33.73
33.71
33.7
33.73
33.81
33.77
33.81
33.8
33.79
33.84
33.8
33.79
33.82
33.82
33.87
33.88
33.95
33.93
33.96
33.95
33.96
33.95
33.98
34.02
34.02
34.02
34.02
34.06
34.02
34.04
34.09
34.0
34.09
34.05
34.16
34.16
34.16
34.12
34.14
34.18
34.24
34.23
34.2
34.2
34.18
34.2
34.2
34.27
34.22
34.3
34.31
34.29
34.3
34.38
34.36
34.35
34.36
34.41
34.4
34.3
34.43
34.41
34.45
34.42
34.45
34.41
34.42
34.4
34.38
34.45
34.51
34.45
34.51
34.49
34.58
34.49
34.51
34.52
34.6
34.54
34.54
34.58
34.58
34.58
34.56
34.63
34.61
34.63
34.63
34.55
34.61
34.63
34.6
34.68
34.63
34.65
34.66
34.67
34.65
