29.15
28.84
28.69
28.57
28.35
28.18
28.01
27.85
27.75
27.59
27.45
27.37
27.19
27.16
27.04
26.92
26.77
26.72
26.58
26.58
26.45
26.34
26.26
26.23
26.13
26.06
25.91
25.86
25.88
25.74
25.7
25.61
25.54
25.45
25.48
25.45
25.28
25.26
25.23
25.12
25.05
25.05
25.0
24.92
25.01
24.84
24.8
24.8
24.69
24.71
24.64
24.7
24.59
24.52
24.53
24.48
24.46
24.45
24.49
24.38
24.35
24.4
24.3
24.26
24.24
24.23
24.23
24.12
24.15
24.13
24.13
24.13
24.12
24.05
24.09
24.05
23.99
24.02
23.99
23.95
23.88
23.87
23.86
23.86
23.88
23.88
23.87
23.84
23.81
23.8
23.77
23.79
23.75
23.77
23.77
23.66
23.73
23.79
23.73
23.66
23.69
23.62
23.61
23.7
23.61
23.66
23.59
23.58
23.55
23.62
23.62
23.58
23.5
23.55
23.58
23.58
23.59
23.53
23.55
23.55
23.53
23.52
23.53
23.45
23.52
23.46
23.46
23.46
23.48
23.48
23.48
23.53
23.46
23.46
23.42
23.48
23.37
23.45
23.42
23.37
23.39
23.4
23.4
23.44
23.46
23.39
23.42
23.39
23.4
23.41
23.41
23.35
23.33
23.27
23.42
23.41
23.33
23.28
23.3
23.28
23.35
23.26
23.23
23.3
23.28
23.26
23.25
23.27
23.33
23.23
23.3
23.25
23.33
23.2
23.16
23.19
23.27
23.23
23.21
23.21
23.23
23.21
23.23
23.23
23.18
23.23
23.16
23.2
23.18
23.14
23.14
23.12
23.09
23.07
23.12
23.09
23.08
23.08
23.09
23.05
23.08
23.07
23.16
23.09
23.08
23.07
23.07
23.12
23.08
23.05
23.08
23.1
23.12
23.14
23.01
23.07
23.09
23.07
23.09
23.16
23.12
23.05
23.09
23.05
23.1
23.07
23.16
23.16
23.07
23.12
23.07
23.07
23.08
23.03
23.09
23.07
23.08
23.16
23.12
23.1
23.1
23.05
23.05
23.09
23.12
23.02
22.99
23.05
23.09
23.05
22.99
23.09
23.1
23.05
23.16
23.01
23.05
23.16
23.1
23.02
23.1
23.12
23.08
23.14
23.14
23.05
23.09
23.07
23.07
23.07
23.14
23.05
23.12
23.14
23.14
23.07
23.14
23.12
23.12
23.12
23.1
23.03
23.03
23.16
23.12
23.16
23.1
23.12
23.18
23.14
23.1
23.1
23.09
23.09
23.16
23.05
23.14
23.1
23.12
23.16
23.12
23.05
23.14
23.16
23.09
23.09
23.08
23.14
23.05
23.08
23.18
23.1
23.18
23.1
23.12
23.07
23.19
23.14
23.07
23.12
23.14
23.07
23.18
23.07
23.03
23.16
23.12
23.1
23.1
23.08
23.12
23.05
23.18
23.08
23.16
23.09
23.1
23.08
23.07
23.09
23.19
23.14
23.16
23.1
23.09
23.16
23.1
23.12
23.09
23.14
23.19
23.16
23.14
23.2
23.23
23.16
23.12
23.16
23.18
23.14
23.1
23.05
23.09
23.14
23.1
23.1
23.08
23.1
23.12
23.1
23.05
23.14
23.07
23.05
23.1
23.07
23.09
23.1
23.1
23.02
23.1
23.18
23.09
23.1
23.1
23.14
23.09
23.12
23.05
23.12
23.16
23.12
23.03
23.14
23.1
23.09
23.05
23.16
23.07
23.09
23.14
23.05
23.14
23.07
23.1
23.1
23.07
23.07
23.08
23.09
23.12
23.07
