22.2
22.2
22.21
22.18
22.32
22.29
22.18
22.3
22.19
22.25
22.2
22.34
22.27
22.23
22.25
22.18
22.26
22.2
22.29
22.26
22.2
22.26
22.23
22.23
22.26
22.23
22.18
22.29
22.23
22.26
22.23
22.3
22.26
22.27
22.37
22.26
22.29
22.2
22.29
22.29
22.34
22.34
22.32
22.25
22.26
22.38
22.31
22.25
22.29
22.37
22.32
22.3
22.29
22.3
22.38
22.27
22.26
22.26
22.31
22.34
22.34
22.21
22.23
22.19
22.25
22.23
22.3
22.32
22.3
22.23
22.25
22.27
22.26
22.27
22.41
22.27
22.4
22.23
22.23
22.23
22.3
22.26
22.34
22.31
22.3
22.31
22.3
22.26
22.37
22.31
22.32
22.38
22.34
22.26
22.36
22.29
22.31
22.3
22.31
22.34
22.32
22.32
22.26
22.34
22.3
22.26
22.31
22.3
22.32
22.31
22.34
22.32
22.36
22.3
22.32
22.34
22.38
22.31
22.36
22.34
22.38
22.32
22.34
22.32
22.42
22.37
22.4
22.4
22.32
22.4
22.3
22.34
22.36
22.34
22.34
22.34
22.34
22.32
22.3
