23.16
23.28
23.23
23.21
23.18
23.25
23.16
23.16
23.26
23.18
23.18
23.23
23.23
23.27
23.27
23.21
23.27
23.28
23.23
23.18
23.25
23.21
23.25
23.21
23.3
23.18
23.21
23.18
23.23
23.12
23.18
23.27
23.25
23.28
23.18
23.21
23.26
23.23
23.26
23.21
23.21
23.21
23.23
23.28
23.21
23.18
23.23
23.23
23.23
23.26
23.28
23.25
23.18
23.16
23.25
23.26
23.23
23.3
23.21
23.23
23.21
23.26
23.18
23.25
23.23
23.32
23.23
23.27
23.2
23.21
23.3
23.23
23.28
23.25
23.3
23.28
23.23
23.23
23.21
23.27
23.19
23.23
23.23
23.23
23.16
23.25
23.26
23.2
23.25
23.19
23.32
23.3
23.27
23.27
23.23
23.18
23.3
23.26
23.23
23.28
23.34
23.37
23.28
