24.94 1 255.00
25.02 2 255.00
24.97 3 255.00
24.94 4 255.00
25.02 5 255.00
24.93 6 255.00
24.99 7 255.00
25.02 8 255.00
24.97 9 255.00
25.05 10 255.00
25.02 11 255.00
24.95 12 255.00
25.02 13 255.00
25.02 14 255.00
25.08 15 255.00
24.97 16 255.00
24.97 17 255.00
25.05 18 255.00
24.98 19 255.00
24.98 20 255.00
25.02 21 255.00
24.93 22 255.00
25.08 23 255.00
25.04 24 255.00
25.09 25 255.00
25.04 26 255.00
25.00 27 255.00
24.97 28 255.00
25.02 29 255.00
25.00 30 255.00
25.08 31 255.00
25.02 32 255.00
25.02 33 255.00
24.95 34 255.00
25.02 35 255.00
24.98 36 255.00
25.02 37 255.00
24.95 38 255.00
25.05 39 255.00
25.12 40 255.00
25.02 41 255.00
25.05 42 255.00
24.93 43 255.00
25.02 44 255.00
25.08 45 255.00
25.05 46 255.00
24.97 47 255.00
25.09 48 255.00
24.98 49 255.00
25.08 50 255.00
24.93 51 255.00
25.02 52 255.00
24.97 53 255.00
24.95 54 255.00
24.97 55 255.00
24.98 56 255.00
24.97 57 255.00
24.99 58 255.00
25.02 59 255.00
24.91 60 255.00
25.00 61 255.00
25.02 62 255.00
25.09 63 255.00
25.06 64 255.00
25.04 65 255.00
25.05 66 255.00
25.02 67 255.00
25.02 68 255.00
24.93 69 255.00
25.08 70 255.00
24.97 71 255.00
25.00 72 255.00
25.05 73 255.00
24.99 74 255.00
