25.39 1 255.00
25.41 2 255.00
25.35 3 255.00
25.34 4 255.00
25.41 5 255.00
25.48 6 255.00
25.43 7 255.00
25.46 8 255.00
25.45 9 255.00
25.41 10 255.00
25.46 11 255.00
25.44 12 255.00
25.41 13 255.00
25.45 14 255.00
25.44 15 255.00
25.41 16 255.00
25.41 17 255.00
25.50 18 255.00
25.41 19 255.00
25.48 20 255.00
25.44 21 255.00
25.39 22 255.00
25.41 23 255.00
25.38 24 255.00
25.44 25 255.00
25.43 26 255.00
25.41 27 255.00
25.43 28 255.00
25.46 29 255.00
25.45 30 255.00
25.56 31 255.00
25.57 32 255.00
25.57 33 255.00
25.61 34 255.00
25.62 35 255.00
25.60 36 255.00
25.66 37 255.00
25.68 38 255.00
25.73 39 255.00
25.69 40 255.00
25.71 41 255.00
25.77 42 255.00
25.83 43 255.00
25.81 44 255.00
25.73 45 255.00
25.79 46 255.00
25.77 47 255.00
25.80 48 255.00
25.75 49 255.00
25.80 50 255.00
25.81 51 255.00
25.83 52 255.00
25.79 53 255.00
25.73 54 255.00
25.71 55 255.00
25.74 56 255.00
25.68 57 255.00
25.68 58 255.00
25.70 59 255.00
25.64 60 255.00
25.54 61 255.00
25.52 62 255.00
25.59 63 255.00
25.46 64 255.00
25.52 65 255.00
25.44 66 255.00
25.32 67 255.00
25.49 68 255.00
25.41 69 255.00
25.37 70 255.00
25.34 71 255.00
25.27 72 255.00
25.37 73 255.00
25.46 74 255.00
25.59 75 255.00
25.70 76 255.00
25.77 77 255.00
26.05 78 255.00
26.03 79 255.00
26.25 80 255.00
26.31 81 255.00
26.39 82 255.00
26.52 83 255.00
26.70 84 255.00
26.77 85 255.00
26.89 86 255.00
26.84 87 255.00
26.89 88 255.00
26.98 89 255.00
27.01 90 255.00
27.01 91 255.00
27.17 92 255.00
27.10 93 255.00
27.08 94 255.00
26.98 95 255.00
26.96 96 255.00
26.79 97 255.00
26.79 98 255.00
26.72 99 255.00
26.76 100 255.00
26.68 101 255.00
26.70 102 255.00
26.66 103 255.00
26.68 104 255.00
26.59 105 255.00
26.62 106 255.00
26.62 107 255.00
26.59 108 255.00
26.62 109 255.00
26.70 110 255.00
26.77 111 255.00
26.87 112 255.00
26.98 113 255.00
27.03 114 255.00
27.12 115 255.00
27.43 116 255.00
27.67 117 255.00
27.86 118 255.00
28.16 119 255.00
28.32 120 255.00
28.36 121 255.00
28.34 122 255.00
28.36 123 255.00
28.58 124 255.00
28.54 125 255.00
28.97 126 255.00
28.87 127 255.00
28.56 128 255.00
28.41 129 255.00
28.34 130 255.00
28.43 131 255.00
28.34 132 255.00
28.43 133 255.00
28.39 134 255.00
28.47 135 255.00
28.58 136 255.00
28.59 137 255.00
28.45 138 255.00
28.45 139 255.00
28.32 140 255.00
28.19 141 255.00
28.19 142 255.00
28.08 143 255.00
28.03 144 255.00
27.97 145 255.00
27.91 146 255.00
27.91 147 255.00
27.80 148 255.00
27.80 149 255.00
27.75 150 255.00
27.78 151 255.00
27.72 152 255.00
27.74 153 255.00
27.66 154 255.00
27.70 155 255.00
27.65 156 255.00
27.68 157 255.00
27.59 158 255.00
27.70 159 255.00
27.65 160 255.00
27.60 161 255.00
27.64 162 255.00
27.64 163 255.00
27.64 164 255.00
27.62 165 255.00
27.59 166 255.00
27.60 167 255.00
27.62 168 255.00
27.62 169 255.00
27.62 170 255.00
27.67 171 255.00
27.65 172 255.00
27.64 173 255.00
27.58 174 255.00
27.64 175 255.00
27.62 176 255.00
27.66 177 255.00
27.70 178 255.00
27.70 179 255.00
27.55 180 255.00
27.65 181 255.00
27.70 182 255.00
27.64 183 255.00
27.70 184 255.00
27.67 185 255.00
27.62 186 255.00
27.68 187 255.00
27.68 188 255.00
27.70 189 255.00
27.66 190 255.00
27.74 191 255.00
27.68 192 255.00
27.65 193 255.00
27.70 194 255.00
27.70 195 255.00
27.60 196 255.00
27.66 197 255.00
27.67 198 255.00
27.65 199 255.00
27.68 200 255.00
27.70 201 255.00
27.70 202 255.00
27.73 203 255.00
27.70 204 255.00
27.65 205 255.00
27.62 206 255.00
27.62 207 255.00
27.60 208 255.00
27.62 209 255.00
27.72 210 255.00
27.62 211 255.00
27.67 212 255.00
27.62 213 255.00
27.68 214 255.00
27.58 215 255.00
27.62 216 255.00
27.60 217 255.00
27.65 218 255.00
27.67 219 255.00
27.66 220 255.00
27.67 221 255.00
27.65 222 255.00
27.68 223 255.00
27.80 224 255.00
27.70 225 255.00
27.66 226 255.00
27.68 227 255.00
27.67 228 255.00
27.70 229 255.00
27.67 230 255.00
27.72 231 255.00
27.60 232 255.00
27.65 233 255.00
27.55 234 255.00
27.66 235 255.00
27.55 236 255.00
27.66 237 255.00
27.58 238 255.00
27.60 239 255.00
27.62 240 255.00
27.62 241 255.00
27.58 242 255.00
27.64 243 255.00
27.62 244 255.00
27.62 245 255.00
27.62 246 255.00
27.68 247 255.00
27.66 248 255.00
27.70 249 255.00
27.62 250 255.00
27.67 251 255.00
27.74 252 255.00
27.72 253 255.00
27.59 254 255.00
27.64 255 255.00
27.62 256 255.00
27.62 257 255.00
27.64 258 255.00
27.59 259 255.00
27.58 260 255.00
27.58 261 255.00
27.60 262 255.00
27.65 263 255.00
27.66 264 255.00
27.65 265 255.00
27.66 266 255.00
27.70 267 255.00
27.70 268 255.00
1372.05 269 0.00
1372.05 270 0.00
1372.05 271 0.00
1372.05 272 0.00
1372.05 273 0.00
1372.05 274 0.00
1372.05 275 0.00
1372.05 276 0.00
1372.05 277 0.00
1372.05 278 0.00
1372.05 279 0.00
1372.05 280 0.00
1372.05 281 0.00
1372.05 282 0.00
1372.05 283 0.00
1372.05 284 0.00
1372.05 285 0.00
1372.05 286 0.00
1372.05 287 0.00
1372.05 288 0.00
1372.05 289 0.00
1372.05 290 0.00
1372.05 291 0.00
1372.05 292 0.00
1372.05 293 0.00
1372.05 294 0.00
1372.05 295 0.00
1372.05 296 0.00
1372.05 297 0.00
1372.05 298 0.00
1372.05 299 0.00
1372.05 300 0.00
1372.05 301 0.00
1372.05 302 0.00
1372.05 303 0.00
1372.05 304 0.00
1372.05 305 0.00
1372.05 306 0.00
1372.05 307 0.00
1372.05 308 0.00
1372.05 309 0.00
1372.05 310 0.00
1372.05 311 0.00
1372.05 312 0.00
1372.05 313 0.00
1372.05 314 0.00
1372.05 315 0.00
1372.05 316 0.00
1372.05 317 0.00
1372.05 318 0.00
1372.05 319 0.00
1372.05 320 0.00
1372.05 321 0.00
1372.05 322 0.00
1372.05 323 0.00
1372.05 324 0.00
1372.05 325 0.00
1372.05 326 0.00
1372.05 327 0.00
1372.05 328 0.00
1372.05 329 0.00
1372.05 330 0.00
1372.05 331 0.00
1372.05 332 0.00
1372.05 333 0.00
1372.05 334 0.00
1372.05 335 0.00
1372.05 336 0.00
1372.05 337 0.00
1372.05 338 0.00
1372.05 339 0.00
1372.05 340 0.00
1372.05 341 0.00
1372.05 342 0.00
1372.05 343 0.00
1372.05 344 0.00
1372.05 345 0.00
1372.05 346 0.00
1372.05 347 0.00
1372.05 348 0.00
1372.05 349 0.00
1372.05 350 0.00
1372.05 351 0.00
1372.05 352 0.00
1372.05 353 0.00
1372.05 354 0.00
1372.05 355 0.00
1372.05 356 0.00
1372.05 357 0.00
1372.05 358 0.00
1372.05 359 0.00
1372.05 360 0.00
1372.05 361 0.00
1372.05 362 0.00
1372.05 363 0.00
1372.05 364 0.00
1372.05 365 0.00
1372.05 366 0.00
1372.05 367 0.00
1372.05 368 0.00
1372.05 369 0.00
1372.05 370 0.00
1372.05 371 0.00
1372.05 372 0.00
1372.05 373 0.00
1372.05 374 0.00
1372.05 375 0.00
1372.05 376 0.00
1372.05 377 0.00
1372.05 378 0.00
1372.05 379 0.00
1372.05 380 0.00
1372.05 381 0.00
1372.05 382 0.00
1372.05 383 0.00
1372.05 384 0.00
1372.05 385 0.00
1372.05 386 0.00
1372.05 387 0.00
1372.05 388 0.00
1372.05 389 0.00
1372.05 390 0.00
1372.05 391 0.00
1372.05 392 0.00
1372.05 393 0.00
1372.05 394 0.00
1372.05 395 0.00
1372.05 396 0.00
1372.05 397 0.00
1372.05 398 0.00
1372.05 399 0.00
1372.05 400 0.00
1372.05 401 0.00
1372.05 402 0.00
1372.05 403 0.00
1372.05 404 0.00
1372.05 405 0.00
1372.05 406 0.00
1372.05 407 0.00
1372.05 408 0.00
1372.05 409 0.00
1372.05 410 0.00
1372.05 411 0.00
1372.05 412 0.00
1372.05 413 0.00
1372.05 414 0.00
1372.05 415 0.00
1372.05 416 0.00
1372.05 417 0.00
1372.05 418 0.00
1372.05 419 0.00
1372.05 420 0.00
1372.05 421 0.00
1372.05 422 0.00
1372.05 423 0.00
1372.05 424 0.00
1372.05 425 0.00
1372.05 426 0.00
1372.05 427 0.00
27.03 428 255.00
26.96 429 120.45
27.14 430 69.70
27.16 431 101.76
27.12 432 115.70
26.98 433 138.48
27.21 434 63.82
27.16 435 120.02
27.12 436 121.53
27.10 437 116.49
27.27 438 78.30
27.26 439 116.99
27.25 440 116.54
27.26 441 114.37
27.27 442 113.69
27.25 443 122.77
27.23 444 122.40
27.43 445 79.28
27.37 446 132.49
27.41 447 112.80
27.36 448 131.48
27.20 449 155.96
3.84 450 255.00
1372.05 451 0.00
1372.05 452 0.00
1372.05 453 0.00
1372.05 454 0.00
27.16 455 255.00
27.12 456 114.20
27.14 457 100.95
27.25 458 83.71
27.14 459 129.60
27.14 460 108.77
27.64 461 4.76
27.12 462 214.09
27.01 463 136.63
27.20 464 73.22
27.19 465 116.61
27.12 466 127.65
27.21 467 98.15
27.16 468 126.22
27.14 469 122.81
27.05 470 137.23
27.03 471 126.02
27.08 472 112.54
27.05 473 127.89
27.03 474 129.18
27.03 475 125.55
27.09 476 113.48
27.02 477 143.44
27.02 478 128.88
27.02 479 129.93
26.96 480 142.48
27.01 481 122.76
27.04 482 126.63
27.04 483 133.93
27.00 484 143.20
27.12 485 110.18
27.06 486 149.36
27.01 487 149.41
27.00 488 141.17
27.05 489 129.18
27.05 490 141.17
27.09 491 134.02
26.98 492 165.86
27.03 493 135.20
27.16 494 117.72
27.02 495 176.52
27.14 496 121.63
27.15 497 146.03
27.12 498 153.56
27.12 499 149.92
27.08 500 160.82
27.12 501 142.65
27.16 502 144.86
27.08 503 171.77
27.16 504 137.58
27.15 505 159.10
27.19 506 148.81
27.08 507 180.64
27.17 508 140.12
27.17 509 159.92
27.17 510 160.96
27.09 511 178.42
27.23 512 134.30
27.21 513 168.38
27.23 514 159.81
27.09 515 195.08
27.12 516 161.44
27.15 517 163.81
27.12 518 174.47
27.10 519 175.75
27.12 520 167.19
27.08 521 182.77
27.12 522 164.60
27.19 523 161.89
27.12 524 190.21
27.02 525 198.53
27.12 526 157.94
27.15 527 172.74
27.12 528 184.96
27.04 529 199.37
27.15 530 160.26
27.06 531 201.24
27.12 532 173.61
27.15 533 179.03
27.09 534 197.82
27.06 535 194.50
27.09 536 182.73
27.12 537 183.47
27.09 538 197.33
27.03 539 205.26
27.04 540 192.18
27.08 541 186.59
27.14 542 182.32
27.15 543 194.23
27.06 544 214.89
27.08 545 195.48
27.12 546 191.45
27.09 547 205.23
27.12 548 195.03
27.09 549 208.89
27.12 550 198.77
27.15 551 197.94
27.08 552 220.01
27.08 553 206.99
27.12 554 198.20
27.10 555 213.55
27.10 556 209.91
27.14 557 202.75
26.98 558 244.44
27.09 559 191.27
27.12 560 209.27
27.10 561 218.29
27.10 562 216.21
27.12 563 213.98
27.12 564 216.51
27.05 565 233.90
