21.01 1 255.00
20.97 2 255.00
20.95 3 255.00
21.02 4 255.00
21.04 5 255.00
21.03 6 255.00
21.04 7 255.00
21.01 8 255.00
21.05 9 255.00
20.93 10 255.00
21.02 11 255.00
20.98 12 255.00
20.95 13 255.00
20.98 14 255.00
20.95 15 255.00
21.02 16 255.00
20.95 17 255.00
21.02 18 255.00
21.10 19 255.00
20.99 20 255.00
20.92 21 255.00
20.98 22 255.00
20.95 23 255.00
20.97 24 255.00
20.92 25 255.00
20.95 26 255.00
21.04 27 255.00
21.02 28 255.00
20.95 29 255.00
20.99 30 255.00
20.99 31 255.00
20.87 32 255.00
20.95 33 255.00
20.92 34 255.00
20.95 35 255.00
20.98 36 255.00
20.95 37 255.00
20.91 38 255.00
20.92 39 255.00
20.97 40 255.00
20.99 41 255.00
20.93 42 255.00
20.92 43 255.00
20.95 44 255.00
20.95 45 255.00
21.03 46 255.00
20.95 47 255.00
20.93 48 255.00
20.91 49 255.00
21.01 50 255.00
20.93 51 255.00
20.91 52 255.00
20.98 53 255.00
21.02 54 255.00
20.99 55 255.00
20.92 56 255.00
20.95 57 255.00
20.98 58 255.00
21.01 59 255.00
20.92 60 255.00
20.97 61 255.00
21.03 62 255.00
21.03 63 255.00
21.09 64 255.00
21.16 65 255.00
21.27 66 255.00
21.19 67 255.00
21.28 68 255.00
21.31 69 255.00
21.39 70 255.00
21.39 71 255.00
21.57 72 255.00
21.68 73 255.00
21.77 74 255.00
21.80 75 255.00
21.91 76 255.00
22.02 77 255.00
22.46 1 255.00
22.57 2 255.00
22.74 3 255.00
22.82 4 255.00
22.94 5 255.00
23.05 6 255.00
23.16 7 255.00
23.26 8 255.00
23.34 9 255.00
23.48 10 255.00
23.56 11 255.00
23.66 12 255.00
23.73 13 255.00
23.88 14 255.00
23.94 15 255.00
24.06 16 255.00
24.16 17 255.00
24.24 18 255.00
24.25 19 255.00
24.37 20 255.00
24.59 21 255.00
24.64 22 255.00
24.77 23 255.00
24.79 24 255.00
24.93 25 255.00
24.98 26 255.00
25.10 27 255.00
25.23 28 255.00
25.21 29 255.00
25.33 30 255.00
25.38 31 255.00
25.41 32 255.00
25.52 33 255.00
25.61 34 255.00
25.77 35 255.00
25.81 36 255.00
25.81 37 255.00
25.96 38 255.00
25.99 39 255.00
26.19 40 255.00
26.14 41 255.00
26.32 42 255.00
26.37 43 255.00
26.43 44 255.00
26.52 45 255.00
26.57 46 255.00
26.62 47 255.00
26.70 48 255.00
26.76 49 255.00
26.87 50 255.00
26.96 51 255.00
27.02 52 255.00
27.05 53 255.00
27.19 54 255.00
27.16 55 255.00
27.38 56 255.00
27.34 57 255.00
27.45 58 255.00
27.53 59 255.00
27.64 60 255.00
27.68 61 255.00
27.72 62 255.00
27.83 63 255.00
27.80 64 255.00
27.95 65 255.00
27.98 66 255.00
28.00 67 255.00
28.16 68 255.00
28.19 69 255.00
28.25 70 255.00
28.34 71 255.00
28.38 72 255.00
28.45 73 255.00
28.50 74 255.00
28.48 75 255.00
28.58 76 255.00
28.71 77 255.00
28.76 78 255.00
28.76 79 255.00
28.84 80 255.00
28.98 81 255.00
29.03 82 255.00
29.05 83 255.00
29.12 84 255.00
29.23 85 255.00
29.27 86 255.00
29.25 87 255.00
29.34 88 255.00
29.43 89 255.00
29.52 90 255.00
29.52 91 255.00
29.52 92 255.00
29.70 93 255.00
29.66 94 255.00
29.74 95 255.00
29.85 96 255.00
29.86 97 255.00
29.87 98 255.00
30.03 99 255.00
30.08 100 255.00
30.14 101 255.00
30.06 102 255.00
30.25 103 255.00
30.26 104 255.00
30.27 105 255.00
30.41 106 255.00
30.44 107 255.00
30.50 108 255.00
30.53 109 255.00
30.59 110 255.00
30.66 111 255.00
30.73 112 255.00
30.74 113 255.00
30.79 114 255.00
30.90 115 255.00
30.90 116 255.00
30.98 117 255.00
31.00 118 255.00
31.16 119 255.00
31.09 120 255.00
31.21 121 255.00
31.26 122 255.00
31.29 123 255.00
31.34 124 255.00
31.48 125 255.00
31.46 126 255.00
31.47 127 255.00
31.55 128 255.00
31.60 129 255.00
31.62 130 255.00
31.70 131 255.00
31.73 132 255.00
31.78 133 255.00
31.87 134 255.00
31.89 135 255.00
31.93 136 255.00
32.00 137 255.00
32.09 138 255.00
32.09 139 255.00
32.14 140 255.00
32.18 141 255.00
32.24 142 255.00
32.24 143 255.00
32.40 144 255.00
32.38 145 255.00
32.47 146 255.00
32.50 147 255.00
32.58 148 255.00
32.59 149 255.00
32.61 150 255.00
32.65 151 255.00
32.77 152 255.00
32.74 153 255.00
32.84 154 255.00
32.97 155 255.00
32.91 156 255.00
32.97 157 255.00
33.03 158 255.00
33.09 159 255.00
33.13 160 255.00
33.16 161 255.00
33.23 162 255.00
33.21 163 255.00
33.27 164 255.00
33.41 165 255.00
33.45 166 255.00
33.48 167 255.00
33.58 168 255.00
33.69 169 255.00
33.86 170 255.00
33.84 171 255.00
33.87 172 255.00
33.91 173 255.00
33.91 174 255.00
33.96 175 255.00
33.98 176 255.00
34.07 177 255.00
34.11 178 255.00
34.16 179 255.00
34.27 180 255.00
34.27 181 255.00
34.70 182 255.00
34.63 183 255.00
34.41 184 255.00
34.09 185 255.00
34.14 186 255.00
34.16 187 255.00
34.29 188 255.00
34.27 189 255.00
34.29 190 255.00
34.41 191 255.00
34.42 192 255.00
34.49 193 255.00
34.54 194 255.00
34.63 195 255.00
34.67 196 255.00
34.70 197 255.00
34.73 198 255.00
34.80 199 255.00
34.81 200 255.00
34.88 201 255.00
34.95 202 255.00
34.97 203 255.00
34.95 204 255.00
35.10 205 255.00
35.15 206 255.00
35.17 207 255.00
35.23 208 255.00
35.30 209 255.00
35.30 210 255.00
35.35 211 255.00
35.35 212 255.00
35.45 213 255.00
35.48 214 255.00
35.49 215 255.00
35.55 216 255.00
35.63 217 255.00
35.62 218 255.00
35.70 219 255.00
35.80 220 255.00
35.80 221 255.00
35.80 222 255.00
35.93 223 255.00
35.98 224 255.00
36.09 225 255.00
36.00 226 255.00
36.08 227 255.00
36.16 228 255.00
36.23 229 255.00
36.18 230 255.00
36.30 231 255.00
36.30 232 255.00
36.39 233 255.00
36.47 234 255.00
36.48 235 255.00
36.59 236 255.00
36.63 237 255.00
36.67 238 255.00
36.62 239 255.00
36.70 240 255.00
36.79 241 255.00
36.74 242 255.00
36.87 243 255.00
36.91 244 255.00
36.93 245 255.00
36.99 246 255.00
37.02 247 255.00
36.99 248 255.00
37.18 249 255.00
37.16 250 255.00
37.22 251 255.00
37.23 252 255.00
37.29 253 255.00
37.31 254 255.00
37.38 255 255.00
37.47 256 255.00
37.48 257 255.00
37.54 258 255.00
37.55 259 255.00
37.60 260 255.00
37.70 261 255.00
37.66 262 255.00
37.70 263 255.00
37.81 264 255.00
37.88 265 255.00
37.91 266 255.00
37.98 267 255.00
37.94 268 255.00
37.98 269 255.00
38.06 270 255.00
38.15 271 255.00
38.13 272 255.00
38.22 273 255.00
38.30 274 255.00
38.28 275 255.00
38.30 276 255.00
38.38 277 255.00
38.45 278 255.00
38.38 279 255.00
38.51 280 255.00
38.48 281 255.00
38.52 282 255.00
38.65 283 255.00
38.70 284 255.00
38.69 285 255.00
38.77 286 255.00
38.80 287 255.00
38.84 288 255.00
38.98 289 255.00
38.92 290 255.00
39.01 291 255.00
39.05 292 255.00
39.06 293 255.00
39.16 294 255.00
39.21 295 255.00
39.26 296 255.00
39.28 297 255.00
39.32 298 255.00
39.30 299 255.00
39.45 300 255.00
39.44 301 255.00
39.53 302 255.00
39.50 303 255.00
39.57 304 255.00
39.63 305 255.00
39.64 306 255.00
39.71 307 255.00
39.73 308 255.00
39.80 309 255.00
39.84 310 255.00
39.92 311 255.00
39.96 312 255.00
40.02 313 255.00
40.07 314 255.00
40.05 315 255.00
40.16 316 255.00
40.19 317 255.00
40.23 318 255.00
40.34 319 255.00
40.30 320 255.00
40.37 321 255.00
40.43 322 255.00
40.48 323 255.00
40.43 324 255.00
40.62 325 255.00
40.65 326 255.00
40.65 327 255.00
40.63 328 255.00
40.70 329 255.00
40.80 330 255.00
40.78 331 255.00
40.83 332 255.00
40.88 333 255.00
40.91 334 255.00
41.01 335 255.00
41.02 336 255.00
41.08 337 255.00
41.18 338 255.00
41.19 339 255.00
41.19 340 255.00
41.16 341 255.00
41.23 342 255.00
41.31 343 255.00
41.30 344 255.00
41.37 345 255.00
41.44 346 255.00
41.47 347 255.00
41.48 348 255.00
41.53 349 255.00
41.62 350 255.00
41.65 351 255.00
41.71 352 255.00
41.70 353 255.00
41.80 354 255.00
41.85 355 255.00
41.88 356 255.00
41.94 357 255.00
41.98 358 255.00
41.91 359 255.00
42.02 360 255.00
42.09 361 255.00
42.06 362 255.00
42.14 363 255.00
42.13 364 255.00
42.23 365 255.00
42.27 366 255.00
42.27 367 255.00
42.30 368 255.00
42.40 369 255.00
42.46 370 255.00
42.48 371 255.00
42.46 372 255.00
42.55 373 255.00
42.62 374 255.00
42.66 375 255.00
42.73 376 255.00
42.69 377 255.00
42.80 378 255.00
42.80 379 255.00
42.82 380 255.00
42.88 381 255.00
42.98 382 255.00
42.93 383 255.00
43.02 384 255.00
43.09 385 255.00
43.07 386 255.00
43.24 387 255.00
43.24 388 255.00
43.26 389 255.00
43.32 390 255.00
43.30 391 255.00
43.35 392 255.00
43.44 393 255.00
43.42 394 255.00
43.51 395 255.00
43.53 396 255.00
43.64 397 255.00
43.60 398 255.00
43.65 399 255.00
43.68 400 255.00
43.80 401 255.00
43.86 402 255.00
43.91 403 255.00
43.95 404 255.00
43.91 405 255.00
44.02 406 255.00
44.06 407 255.00
44.08 408 255.00
44.14 409 255.00
44.22 410 255.00
44.29 411 255.00
44.28 412 255.00
44.33 413 255.00
44.42 414 255.00
44.50 415 255.00
44.51 416 255.00
44.55 417 255.00
44.55 418 255.00
44.62 419 255.00
44.71 420 255.00
44.69 421 255.00
44.71 422 255.00
44.73 423 255.00
44.80 424 255.00
44.85 425 255.00
44.90 426 255.00
44.92 427 255.00
44.98 428 255.00
44.97 429 255.00
45.04 430 255.00
45.09 431 255.00
45.13 432 255.00
45.13 433 255.00
45.17 434 255.00
45.29 435 255.00
45.29 436 255.00
45.30 437 255.00
45.37 438 255.00
45.38 439 255.00
45.37 440 255.00
45.48 441 255.00
45.55 442 255.00
45.48 443 255.00
45.52 444 255.00
45.55 445 255.00
45.65 446 255.00
45.65 447 255.00
45.72 448 255.00
45.72 449 255.00
45.86 450 255.00
45.82 451 255.00
45.93 452 255.00
45.88 453 255.00
46.02 454 255.00
46.02 455 255.00
46.13 456 255.00
46.10 457 255.00
46.16 458 255.00
46.18 459 255.00
46.20 460 255.00
46.24 461 255.00
46.24 462 255.00
46.29 463 255.00
46.34 464 255.00
46.49 465 255.00
46.45 466 255.00
46.51 467 255.00
46.58 468 255.00
46.60 469 255.00
46.69 470 255.00
46.65 471 255.00
46.73 472 255.00
46.74 473 255.00
46.81 474 255.00
46.94 475 255.00
46.94 476 255.00
46.94 477 255.00
47.02 478 255.00
47.07 479 255.00
47.06 480 255.00
47.12 481 255.00
47.16 482 255.00
47.16 483 255.00
47.25 484 255.00
47.30 485 255.00
47.37 486 255.00
47.32 487 255.00
47.45 488 255.00
47.50 489 255.00
47.52 490 255.00
47.59 491 255.00
47.63 492 255.00
47.63 493 255.00
47.70 494 255.00
47.75 495 255.00
47.72 496 255.00
47.80 497 255.00
47.85 498 255.00
47.87 499 255.00
47.98 500 255.00
47.96 501 255.00
48.05 502 255.00
48.05 503 255.00
48.10 504 255.00
48.19 505 255.00
48.19 506 255.00
48.21 507 255.00
48.50 508 255.00
48.27 509 255.00
48.12 510 255.00
48.20 511 255.00
48.18 512 255.00
48.30 513 255.00
48.34 514 255.00
48.41 515 255.00
48.41 516 255.00
48.45 517 255.00
48.44 518 255.00
48.55 519 255.00
48.52 520 255.00
48.57 521 255.00
48.63 522 255.00
48.76 523 255.00
48.78 524 255.00
48.84 525 255.00
48.84 526 255.00
48.86 527 255.00
48.86 528 255.00
48.91 529 255.00
49.01 530 255.00
49.09 531 255.00
49.09 532 255.00
49.03 533 255.00
49.22 534 255.00
49.17 535 255.00
49.30 536 255.00
49.28 537 255.00
49.33 538 255.00
49.38 539 255.00
49.46 540 255.00
49.45 541 255.00
49.48 542 255.00
49.59 543 255.00
49.62 544 255.00
49.63 545 255.00
49.63 546 255.00
49.71 547 255.00
49.74 548 255.00
49.73 549 255.00
49.77 550 255.00
49.87 551 255.00
49.81 552 255.00
49.87 553 255.00
49.95 554 255.00
49.95 555 255.00
49.95 556 255.00
50.02 557 255.00
50.11 558 255.00
50.09 559 255.00
50.18 560 255.00
50.13 561 255.00
50.18 562 255.00
50.30 563 255.00
50.32 564 255.00
50.38 565 255.00
50.34 566 255.00
50.43 567 255.00
50.52 568 255.00
50.45 569 255.00
50.60 570 255.00
50.59 571 255.00
50.63 572 255.00
50.63 573 255.00
50.77 574 255.00
50.74 575 255.00
50.77 576 255.00
50.81 577 255.00
50.87 578 255.00
50.96 579 255.00
50.92 580 255.00
51.00 581 255.00
51.09 582 0.00
51.09 583 124.06
51.19 584 103.06
51.17 585 123.77
51.19 586 116.05
51.27 587 99.80
51.33 588 104.17
51.35 589 108.85
51.33 590 117.12
51.40 591 96.33
51.30 592 130.39
51.32 593 103.82
51.37 594 97.33
51.34 595 110.29
51.33 596 107.56
51.40 597 88.32
51.30 598 120.74
51.27 599 107.23
51.23 600 107.86
51.27 601 90.52
51.27 602 97.00
51.23 603 103.88
51.25 604 91.46
51.21 605 101.47
51.16 606 102.18
51.17 607 89.85
51.09 608 106.51
51.07 609 94.50
51.07 610 88.51
51.07 611 87.20
50.97 612 107.23
51.05 613 67.57
50.98 614 98.22
50.97 615 86.14
51.01 616 73.51
50.96 617 89.87
50.83 618 107.11
50.75 619 95.67
50.80 620 67.29
50.83 621 72.02
50.72 622 98.40
50.63 623 93.31
50.63 624 74.86
50.68 625 63.75
50.66 626 76.78
50.66 627 70.83
50.63 628 74.49
50.48 629 101.36
50.52 630 60.66
50.52 631 67.22
50.47 632 75.82
50.45 633 68.48
50.47 634 60.82
50.38 635 82.40
50.38 636 62.41
50.36 637 64.46
50.31 638 69.94
50.25 639 72.47
50.20 640 68.59
50.34 641 28.45
50.23 642 79.96
50.18 643 65.15
50.15 644 61.12
50.16 645 52.02
50.16 646 52.36
50.05 647 74.13
50.05 648 51.05
50.07 649 44.92
49.98 650 68.10
50.00 651 43.23
50.00 652 46.71
49.95 653 55.36
49.91 654 53.00
49.91 655 45.64
49.91 656 42.88
49.91 657 41.69
49.89 658 43.78
49.84 659 49.32
49.81 660 45.33
49.77 661 46.10
49.84 662 23.98
49.79 663 45.14
49.77 664 39.51
49.74 665 38.58
49.67 666 47.49
49.64 667 38.82
49.71 668 16.64
49.65 669 42.66
49.73 670 10.94
49.71 671 31.88
49.62 672 45.71
49.59 673 30.73
49.58 674 28.16
49.63 675 14.03
49.57 676 33.73
49.59 677 16.71
49.51 678 38.30
49.46 679 29.81
49.42 680 27.49
49.44 681 15.26
49.41 682 22.16
49.35 683 29.46
49.35 684 15.83
49.24 685 37.67
49.27 686 9.75
49.26 687 14.95
49.22 688 20.47
49.20 689 16.46
49.13 690 25.43
49.17 691 0.40
49.15 692 13.59
49.04 693 30.76
49.09 694 0.00
49.06 695 13.19
49.10 696 0.00
48.98 697 31.32
48.98 698 6.79
48.88 699 27.03
48.88 700 5.63
48.81 701 19.31
48.83 702 0.88
48.88 703 0.00
48.80 704 26.26
48.74 705 22.69
48.69 706 20.60
48.72 707 2.03
48.63 708 25.27
48.68 709 0.00
48.66 710 11.59
48.66 711 7.40
48.63 712 12.90
48.59 713 13.79
48.59 714 4.92
48.66 715 0.00
48.50 716 47.47
48.51 717 11.96
48.53 718 7.55
48.45 719 27.60
48.48 720 6.00
48.50 721 4.72
48.46 722 16.56
48.41 723 17.55
48.41 724 7.14
48.41 725 7.74
48.37 726 13.34
48.34 727 9.42
48.23 728 26.67
48.32 729 0.00
48.23 730 34.21
48.23 731 16.00
48.20 732 21.54
48.18 733 19.20
48.16 734 16.77
48.14 735 17.56
48.14 736 11.85
48.10 737 19.05
48.12 738 6.94
48.07 739 18.90
48.07 740 8.52
48.01 741 20.65
48.01 742 7.15
48.02 743 2.86
48.05 744 0.06
47.98 745 16.87
48.03 746 0.00
48.00 747 14.94
47.89 748 30.67
47.93 749 0.00
47.91 750 10.10
47.88 751 14.19
47.90 752 0.47
47.89 753 5.81
47.83 754 16.39
47.78 755 12.75
47.78 756 2.40
47.76 757 6.35
47.75 758 2.32
47.66 759 19.48
47.67 760 0.00
47.77 761 0.00
47.70 762 35.75
47.75 763 7.66
47.67 764 34.04
47.65 765 22.37
47.61 766 24.93
47.55 767 29.29
47.65 768 0.00
47.66 769 17.71
47.59 770 33.08
47.55 771 26.26
47.54 772 19.14
47.63 773 0.00
47.52 774 40.77
47.52 775 17.94
47.54 776 13.70
47.49 777 25.72
47.47 778 20.32
47.41 779 27.82
47.47 780 1.25
47.50 781 6.24
47.40 782 32.87
47.45 783 0.13
47.43 784 15.05
47.48 785 0.00
47.40 786 24.84
47.45 787 0.00
47.45 788 9.99
47.42 789 15.61
47.40 790 13.34
47.41 791 6.08
47.42 792 3.41
47.38 793 13.80
47.34 794 13.26
47.37 795 0.00
47.27 7
5.0996 247.30 797 0.00
47.32 798 0.40
47.30 799 9.08
47.29 800 5.10
47.27 801 7.53
47.37 802 0.00
47.25 803 44.00
47.25 804 19.63
47.23 805 23.63
47.27 806 8.17
47.25 807 21.55
47.25 808 15.93
47.20 809 24.86
47.23 810 9.64
47.20 811 19.97
47.25 812 1.31
47.18 813 26.09
47.14 814 19.32
47.23 815 0.00
47.09 816 44.17
47.07 817 21.62
47.20 818 0.00
47.05 819 55.27
47.16 820 1.70
47.14 821 25.94
47.14 822 21.90
47.09 823 32.47
47.05 824 28.84
47.14 825 0.42
47.06 826 34.67
47.05 827 21.42
47.11 828 4.26
47.06 829 25.70
47.07 830 13.78
47.09 831 11.15
47.05 832 21.57
47.05 833 12.86
47.05 834 11.95
47.02 835 17.61
47.02 836 8.82
46.91 837 34.10
47.02 838 0.00
46.96 839 32.46
46.94 840 25.55
46.94 841 19.97
46.93 842 20.72
47.02 843 0.21
46.99 844 21.42
46.94 845 27.32
46.99 846 4.00
46.98 847 17.32
47.02 848 3.45
47.02 849 13.57
47.02 850 9.46
46.99 851 16.69
47.05 852 0.00
46.93 853 34.65
46.98 854 0.47
46.96 855 12.24
47.00 856 0.01
46.91 857 24.97
46.96 858 0.00
46.98 859 5.20
46.93 860 17.27
46.96 861 0.44
46.91 862 15.64
46.94 863 0.45
46.99 864 0.00
46.94 865 21.53
46.95 866 6.41
46.91 867 18.49
46.91 868 8.23
46.99 869 0.00
46.98 870 19.57
46.91 871 30.32
46.94 872 8.80
46.96 873 9.23
46.93 874 19.59
46.91 875 15.73
46.76 876 44.54
46.87 877 0.00
46.84 878 25.91
46.88 879 12.13
46.81 880 33.83
46.84 881 13.96
46.86 882 12.84
46.84 883 21.57
46.81 884 20.92
46.91 885 0.00
46.81 886 40.76
46.86 887 9.72
46.81 888 28.05
46.74 889 32.57
46.79 890 7.79
46.79 891 16.28
46.80 892 13.76
46.84 893 6.24
46.76 894 29.58
46.79 895 6.51
46.76 896 18.45
46.80 897 3.12
46.84 898 1.84
46.74 899 28.47
46.84 900 0.00
46.79 901 30.92
46.76 902 25.67
46.79 903 11.98
46.72 904 32.12
46.84 905 0.00
46.71 906 48.82
46.76 907 13.10
46.69 908 36.37
46.74 909 9.95
46.77 910 13.45
46.76 911 22.10
46.81 912 6.61
46.67 913 46.21
46.76 914 0.00
46.74 915 19.59
46.76 916 12.31
46.70 917 27.69
46.69 918 15.96
46.74 919 2.04
46.69 920 23.60
46.70 921 10.15
46.76 922 0.00
46.69 923 26.40
46.71 924 6.54
46.69 925 15.28
46.66 926 16.29
46.63 927 15.74
46.69 928 0.00
46.63 929 23.12
46.63 930 11.32
46.63 931 10.46
46.70 932 0.00
46.61 933 29.69
46.65 934 3.43
46.67 935 5.45
46.63 936 17.48
46.61 937 13.73
46.66 938 0.00
46.67 939 5.23
46.61 940 20.62
46.54 941 22.03
46.60 942 0.00
46.56 943 19.85
46.60 944 2.97
46.58 945 14.85
46.56 946 12.59
46.60 947 0.40
46.48 948 31.97
46.48 949 7.68
46.55 950 0.00
46.47 951 31.26
46.52 952 3.38
46.47 953 21.75
46.51 954 3.32
46.47 955 18.49
46.55 956 0.00
46.43 957 42.59
46.48 958 5.26
46.42 959 28.48
46.41 960 18.42
46.45 961 6.25
46.41 962 21.43
46.43 963 7.85
46.42 964 13.33
46.36 965 24.06
46.40 966 2.52
46.34 967 22.62
46.42 968 0.00
46.38 969 24.55
46.34 970 25.75
46.41 971 0.77
46.36 972 23.84
46.38 973 8.70
46.30 974 28.97
46.31 975 10.87
46.36 976 1.75
46.36 977 10.29
46.40 978 1.25
46.38 979 13.15
46.29 980 25.68
46.33 981 0.00
46.27 982 20.11
46.28 983 3.50
46.29 984 4.16
46.33 985 0.00
46.34 986 5.34
46.24 987 25.76
46.27 988 1.27
46.29 989 0.20
46.22 990 18.83
46.28 991 0.00
46.22 992 24.80
46.22 993 11.48
46.22 994 10.66
46.20 995 13.12
46.18 996 14.10
46.30 997 0.00
46.24 998 37.30
46.20 999 32.18
46.23 1000 18.63
46.16 1001 37.26
46.10 1002 33.88
46.22 1003 0.00
46.22 1004 22.62
46.15 1005 36.57
46.20 1006 10.20
46.18 1007 25.24
46.11 1008 34.51
46.11 1009 19.63
46.13 1010 15.54
46.17 1011 8.00
46.09 1012 34.62
46.17 1013 0.00
46.15 1014 21.29
46.13 1015 19.08
46.08 1016 26.63
46.15 1017 0.11
46.13 1018 16.64
46.15 1019 9.42
46.09 1020 24.86
46.11 1021 6.63
46.08 1022 17.07
46.13 1023 0.16
46.13 1024 7.08
46.11 1025 12.76
46.11 1026 7.26
46.15 1027 0.00
46.15 1028 7.00
46.16 1029 4.54
46.16 1030 5.29
46.11 1031 14.32
46.09 1032 9.06
46.09 1033 3.56
46.11 1034 0.00
46.09 1035 8.80
46.09 1036 3.30
46.06 1037 7.42
45.99 1038 16.70
46.00 1039 0.20
45.97 1040 7.52
46.02 1041 0.00
46.04 1042 3.65
46.06 1043 2.61
46.13 1044 0.00
46.04 1045 32.95
45.99 1046 23.24
45.97 1047 17.99
46.09 1048 0.00
45.98 1049 45.61
45.98 1050 22.94
45.95 1051 28.70
46.02 1052 5.25
45.95 1053 36.48
45.99 1054 10.21
45.98 1055 22.07
45.98 1056 18.15
46.02 1057 9.15
45.99 1058 21.08
45.97 1059 20.52
45.95 1060 18.32
45.95 1061 14.40
45.99 1062 5.39
46.02 1063 5.84
45.95 1064 26.06
45.95 1065 12.85
46.00 1066 0.00
45.92 1067 26.55
45.97 1068 0.29
45.95 1069 13.79
45.91 1070 16.51
45.95 1071 0.00
45.98 1072 3.66
45.95 1073 12.47
45.95 1074 6.99
45.95 1075 7.83
45.93 1076 8.76
45.88 1077 14.69
46.00 1078 0.00
45.88 1079 48.90
45.88 1080 21.47
45.85 1081 28.81
45.88 1082 15.21
45.88 1083 20.67
45.85 1084 26.45
45.88 1085 12.85
45.82 1086 31.44
45.88 1087 5.03
45.91 1088 11.82
45.91 1089 15.71
45.88 1090 19.85
45.85 1091 20.94
45.88 1092 7.34
45.91 1093 7.87
45.90 1094 13.41
45.81 1095 29.11
45.88 1096 0.00
45.88 1097 11.71
45.84 1098 19.13
45.82 1099 13.82
45.86 1100 1.70
45.84 1101 13.66
45.82 1102 11.47
45.88 1103 0.00
45.82 1104 21.64
45.82 1105 9.92
45.82 1106 9.14
45.80 1107 11.64
45.88 1108 0.00
45.78 1109 32.97
45.76 1110 18.37
45.84 1111 0.00
45.76 1112 31.26
45.81 1113 3.36
45.80 1114 15.16
45.76 1115 22.67
45.80 1116 2.67
45.76 1117 21.11
45.74 1118 14.24
45.76 1119 7.06
45.69 1120 24.18
45.71 1121 4.43
45.72 1122 6.70
45.80 1123 0.00
45.72 1124 34.46
45.74 1125 11.58
45.72 1126 20.42
45.70 1127 19.88
45.65 1128 24.27
45.70 1129 4.28
45.74 1130 3.04
45.74 1131 11.64
45.67 1132 25.64
45.71 1133 2.60
45.71 1134 9.65
45.70 1135 12.16
45.76 1136 0.00
45.73 1137 16.65
45.80 1138 0.00
45.72 1139 28.13
45.70 1140 16.66
45.59 1141 32.54
45.71 1142 0.00
45.65 1143 35.80
45.59 1144 34.02
45.62 1145 17.40
45.65 1146 14.76
45.62 1147 26.81
45.59 1148 24.72
45.62 1149 14.35
45.66 1150 8.43
45.63 1151 25.25
45.66 1152 8.46
45.63 1153 23.72
45.60 1154 20.07
45.59 1155 16.26
45.60 1156 12.30
45.66 1157 0.00
45.65 1158 15.02
45.52 1159 39.03
45.70 1160 0.00
45.62 1161 51.58
45.65 1162 28.63
45.60 1163 43.96
45.57 1164 40.39
45.64 1165 18.61
45.63 1166 35.20
45.53 1167 51.00
45.64 1168 8.52
45.55 1169 47.69
45.59 1170 21.54
45.64 1171 18.74
45.59 1172 37.20
45.63 1173 20.50
45.58 1174 35.84
45.59 1175 22.42
45.59 1176 24.79
45.66 1177 9.26
45.63 1178 30.76
45.53 1179 41.88
45.64 1180 0.00
45.65 1181 19.47
45.59 1182 31.76
45.55 1183 28.27
45.65 1184 0.00
45.57 1185 34.40
45.65 1186 1.61
45.60 1187 26.31
45.59 1188 17.82
45.62 1189 10.57
45.62 1190 14.50
45.62 1191 13.74
45.57 1192 22.82
45.59 1193 7.77
45.63 1194 5.13
45.62 1195 12.26
45.65 1196 3.37
45.73 1197 0.00
45.63 1198 39.39
45.63 1199 16.76
45.63 1200 15.99
45.58 1201 25.08
45.58 1202 14.95
45.57 1203 15.83
45.63 1204 2.02
45.55 1205 26.97
45.67 1206 0.00
45.52 1207 55.50
45.52 1208 23.50
45.57 1209 11.26
45.55 1210 24.72
45.48 1211 35.61
45.51 1212 15.88
45.55 1213 9.96
45.49 1214 31.71
45.54 1215 8.62
45.54 1216 17.24
45.57 1217 9.92
45.55 1218 18.69
45.54 1219 18.10
45.49 1220 24.07
45.45 1221 23.79
45.57 1222 0.00
45.52 1223 35.73
45.53 1224 20.76
45.45 1225 41.19
45.46 1226 19.97
45.49 1227 15.79
45.48 1228 22.93
45.57 1229 2.56
45.44 1230 46.90
45.54 1231 0.00
45.55 1232 16.28
45.53 1233 23.57
45.48 1234 27.98
45.49 1235 16.21
45.58 1236 0.00
45.48 1237 36.13
45.52 1238 10.06
45.58 1239 2.43
45.55 1240 19.10
45.54 1241 16.94
45.53 1242 14.70
45.52 1243 15.67
45.52 1244 11.79
45.54 1245 6.11
45.52 1246 14.97
45.45 1247 24.30
45.49 1248 0.00
45.48 1249 10.27
45.44 1250 17.80
45.45 1251 6.04
45.45 1252 6.86
45.53 1253 0.00
45.49 1254 24.64
45.47 1255 21.00
45.47 1256 15.57
45.49 1257 9.90
45.42 1258 28.61
45.44 1259 10.52
45.46 1260 7.98
45.46 1261 11.92
45.45 1262 14.46
45.42 1263 15.51
45.44 1264 6.80
45.42 1265 12.46
45.37 1266 20.09
45.39 1267 3.49
45.44 1268 0.00
45.37 1269 23.40
45.35 1270 11.89
45.41 1271 0.00
45.41 1272 11.76
45.40 1273 14.30
45.41 1274 7.15
45.35 1275 22.67
45.38 1276 4.51
45.38 1277 8.46
45.38 1278 7.72
45.39 1279 3.70
45.44 1280 0.00
45.35 1281 26.69
45.35 1282 8.76
45.41 1283 0.00
45.30 1284 34.74
45.39 1285 0.00
45.30 1286 34.50
45.37 1287 3.45
45.35 1288 18.50
45.33 1289 19.56
45.31 1290 17.43
45.34 1291 8.65
45.35 1292 9.32
45.35 1293 11.71
45.28 1294 25.75
45.29 1295 9.31
45.29 1296 10.15
45.29 1297 9.42
45.29 1298 8.69
45.35 1299 0.00
45.26 1300 31.46
45.29 1301 5.42
45.26 1302 17.51
45.27 1303 8.89
45.29 1304 4.80
45.27 1305 13.68
45.34 1306 0.00
45.27 1307 28.10
45.30 1308 5.11
45.27 1309 20.39
45.34 1310 0.00
45.22 1311 37.95
45.33 1312 0.00
45.31 1313 24.43
45.24 1314 35.34
45.22 1315 25.48
45.26 1316 11.86
45.17 1317 37.00
45.29 1318 0.00
45.26 1319 29.27
45.23 1320 27.22
45.19 1321 31.66
45.23 1322 11.72
45.19 1323 30.22
45.28 1324 0.43
45.27 1325 21.73
45.23 1326 24.45
45.13 1327 38.81
45.23 1328 0.00
45.20 1329 27.80
45.24 1330 9.42
45.23 1331 19.71
45.21 1332 22.35
45.13 1333 33.35
45.16 1334 10.45
45.24 1335 0.00
45.24 1336 14.90
45.19 1337 25.67
45.23 1338 4.16
45.22 1339 16.10
45.20 1340 17.17
45.20 1341 11.77
45.20 1342 11.05
45.16 1343 16.89
45.13 1344 16.49
45.19 1345 0.00
45.21 1346 5.29
45.20 1347 12.54
45.16 1348 15.26
45.16 1349 8.30
45.13 1350 15.79
45.22 1351 0.00
45.16 1352 29.52
45.13 1353 26.07
45.11 1354 20.83
45.10 1355 18.63
45.10 1356 16.36
45.10 1357 15.65
45.20 1358 0.00
45.11 1359 36.09
45.09 1360 23.11
45.04 1361 27.56
45.16 1362 0.00
45.16 1363 24.28
45.10 1364 36.70
45.09 1365 26.77
45.05 1366 29.50
45.09 1367 15.98
45.05 1368 28.09
45.17 1369 0.00
45.10 1370 37.49
45.08 1371 27.64
45.09 1372 20.61
45.03 1373 32.95
45.08 1374 11.46
45.10 1375 15.21
45.10 1376 19.18
45.16 1377 5.34
45.06 1378 38.46
45.09 1379 12.52
45.10 1380 13.22
45.04 1381 28.76
45.03 1382 17.20
45.10 1383 0.16
45.09 1384 16.80
45.08 1385 14.60
45.08 1386 12.33
45.13 1387 1.78
45.04 1388 28.50
44.98 1389 22.09
45.04 1390 0.00
45.10 1391 0.00
45.01 1392 31.49
45.03 1393 7.11
45.01 1394 16.02
45.10 1395 0.00
45.10 1396 18.04
45.05 1397 27.18
45.04 1398 20.38
45.08 1399 8.34
44.95 1400 41.71
45.04 1401 0.00
45.03 1402 18.12
45.03 1403 15.86
44.99 1404 23.36
45.02 1405 9.93
44.97 1406 23.76
44.97 1407 13.69
44.97 1408 12.99
44.99 1409 7.37
45.04 1410 1.51
45.03 1411 11.82
45.01 1412 14.48
45.01 1413 9.09
44.93 1414 24.81
44.99 1415 0.00
44.93 1416 24.93
44.90 1417 18.30
44.95 1418 0.00
44.92 1419 16.81
44.95 1420 4.94
44.91 1421 17.14
44.89 1422 11.92
45.02 1423 0.00
45.01 1424 25.94
44.90 1425 46.66
44.90 1426 24.09
44.91 1427 21.76
44.87 1428 30.84
44.90 1429 15.77
44.91 1430 19.69
44.89 1431 23.85
44.95 1432 6.90
44.91 1433 28.56
44.87 1434 26.70
44.85 1435 21.48
44.85 1436 17.67
44.89 1437 8.78
44.95 1438 2.77
44.85 1439 35.91
44.90 1440 5.07
44.84 1441 25.24
44.90 1442 2.13
44.97 1443 0.00
44.84 1444 39.63
44.95 1445 0.00
44.87 1446 36.03
44.92 1447 8.23
44.88 1448 28.32
44.92 1449 8.41
44.95 1450 12.17
44.83 1451 40.79
44.92 1452 0.00
44.84 1453 34.47
44.95 1454 0.00
44.91 1455 27.82
44.90 1456 20.96
44.83 1457 33.48
44.84 1458 15.46
44.88 1459 11.33
44.83 1460 26.74
44.87 1461 8.48
44.85 1462 18.89
44.83 1463 20.00
44.85 1464 9.70
44.78 1465 28.48
44.76 1466 18.66
44.83 1467 0.00
44.84 1468 10.10
44.85 1469 10.90
44.78 1470 26.55
44.78 1471 11.81
44.83 1472 1.28
44.75 1473 26.39
44.84 1474 0.00
44.78 1475 31.20
44.80 1476 13.09
44.78 1477 22.03
44.80 1478 13.38
44.78 1479 19.11
44.84 1480 2.17
44.83 1481 17.27
44.78 1482 23.31
44.77 1483 14.90
44.78 1484 11.02
44.77 1485 13.54
44.80 1486 6.38
44.80 1487 10.39
44.77 1488 14.63
44.80 1489 4.34
44.83 1490 1.78
44.83 1491 7.35
44.83 1492 6.67
44.80 1493 12.55
44.77 1494 10.55
44.77 1495 5.18
44.77 1496 4.50
44.73 1497 13.67
44.77 1498 0.00
44.70 1499 23.47
44.71 1500 7.10
44.71 1501 7.99
44.71 1502 7.32
44.71 1503 6.65
44.71 1504 5.97
44.73 1505 0.38
44.73 1506 4.39
44.76 1507 0.00
44.73 1508 10.58
44.64 1509 21.71
44.71 1510 0.00
44.66 1511 23.24
44.63 1512 21.41
44.69 1513 0.00
44.65 1514 20.04
44.69 1515 3.35
44.70 1516 7.21
44.66 1517 17.88
44.71 1518 0.00
44.70 1519 10.35
44.63 1520 24.53
44.66 1521 0.03
44.66 1522 7.18
44.63 1523 14.72
44.60 1524 11.17
44.65 1525 0.00
44.64 1526 10.35
44.63 1527 11.41
44.59 1528 14.19
44.60 1529 5.64
44.67 1530 0.00
44.60 1531 28.17
44.67 1532 0.00
44.63 1533 23.24
44.66 1534 5.00
44.58 1535 30.20
44.58 1536 12.36
44.63 1537 1.85
44.57 1538 22.05
44.58 1539 8.82
44.59 1540 6.44
44.53 1541 22.03
44.60 1542 0.00
44.53 1543 28.18
44.52 1544 15.10
44.52 1545 12.89
44.51 1546 15.52
44.47 1547 19.95
44.59 1548 0.00
44.51 1549 42.40
44.50 1550 26.20
44.50 1551 23.99
44.50 1552 23.34
44.50 1553 22.69
44.51 1554 20.40
44.53 1555 16.38
44.50 1556 26.98
44.50 1557 20.08
44.51 1558 17.79
44.50 1559 20.34
44.50 1560 18.13
44.47 1561 24.05
44.45 1562 22.07
44.46 1563 13.46
44.47 1564 14.30
44.52 1565 3.72
44.53 1566 12.37
44.45 1567 31.33
44.53 1568 0.00
44.42 1569 39.51
44.46 1570 8.79
44.46 1571 15.96
44.41 1572 25.16
44.50 1573 0.00
44.45 1574 28.03
44.52 1575 0.03
44.46 1576 28.14
44.44 1577 19.91
44.44 1578 14.58
44.42 1579 17.22
44.44 1580 10.17
44.41 1581 17.58
44.51 1582 0.00
44.45 1583 31.23
44.46 1584 14.80
44.45 1585 20.56
44.55 1586 0.00
44.50 1587 29.51
44.52 1588 14.56
44.50 1589 23.52
44.47 1590 24.74
44.46 1591 19.49
44.47 1592 15.64
44.50 1593 9.99
44.50 1594 15.59
44.46 1595 23.15
44.46 1596 14.69
44.47 1597 12.40
44.51 1598 5.11
44.46 1599 22.12
44.47 1600 10.46
44.48 1601 8.09
44.50 1602 7.28
44.46 1603 17.96
44.47 1604 7.86
44.44 1605 15.35
44.45 1606 6.81
44.45 1607 7.73
44.38 1608 21.86
44.46 1609 0.00
44.40 1610 29.67
44.40 1611 16.53
44.37 1612 22.46
44.41 1613 5.72
44.39 1614 19.38
44.37 1615 18.98
44.39 1616 8.73
44.40 1617 11.14
44.41 1618 8.78
44.37 1619 21.11
44.38 1620 9.46
44.33 1621 20.23
44.34 1622 6.94
44.39 1623 0.00
44.33 1624 21.87
44.35 1625 3.81
44.38 1626 2.94
44.34 1627 13.55
44.37 1628 1.75
44.33 1629 14.00
44.33 1630 5.56
44.27 1631 18.06
44.30 1632 0.00
44.28 1633 12.11
44.30 1634 1.87
44.29 1635 9.21
44.38 1636 0.00
44.33 1637 26.40
44.32 1638 18.03
44.37 1639 5.99
44.28 1640 32.78
44.34 1641 1.84
44.32 1642 18.63
44.38 1643 1.82
44.29 1644 30.17
44.37 1645 0.00
44.30 1646 28.12
44.29 1647 18.27
44.28 1648 16.16
44.37 1649 0.00
44.34 1650 21.47
44.37 1651 11.23
44.34 1652 20.20
44.34 1653 14.88
44.42 1654 0.00
44.24 1655 52.74
44.30 1656 3.04
44.30 1657 14.91
44.30 1658 14.28
44.32 1659 10.37
44.27 1660 24.35
44.27 1661 12.79
44.33 1662 0.00
44.26 1663 26.64
44.32 1664 0.00
44.33 1665 10.23
44.24 1666 29.21
44.30 1667 0.00
44.29 1668 15.15
44.27 1669 16.32
44.26 1670 12.65
44.26 1671 10.46
44.29 1672 3.27
44.26 1673 15.46
44.27 1674 6.94
44.27 1675 7.88
44.27 1676 7.25
44.21 1677 18.11
44.19 1678 11.48
44.20 1679 4.53
44.24 1680 0.00
44.19 1681 20.24
44.10 1682 26.74
44.22 1683 0.00
44.21 1684 24.46
44.14 1685 37.05
44.19 1686 12.52
44.12 1687 36.05
44.10 1688 24.66
44.19 1689 2.87
44.15 1690 27.64
44.19 1691 11.01
44.14 1692 28.05
44.15 1693 16.42
44.13 1694 22.29
44.21 1695 0.00
44.20 1696 19.85
44.16 1697 22.67
44.17 1698 14.16
44.24 1699 0.34
44.22 1700 18.70
44.19 1701 19.95
44.17 1702 16.37
44.14 1703 19.19
44.20 1704 0.84
44.17 1705 16.08
44.15 1706 15.70
44.16 1707 7.11
44.14 1708 14.55
44.21 1709 0.00
44.19 1710 18.37
44.19 1711 13.06
44.10 1712 30.50
44.17 1713 0.00
44.15 1714 18.37
44.06 1715 31.12
44.16 1716 0.00
44.08 1717 37.75
44.08 1718 19.96
44.05 1719 24.27
44.05 1720 18.98
44.12 1721 5.24
44.02 1722 38.47
44.06 1723 7.71
44.05 1724 18.12
44.08 1725 11.03
44.09 1726 13.46
44.12 1727 7.85
44.08 1728 21.70
44.08 1729 13.28
44.10 1730 7.74
44.05 1731 21.67
44.08 1732 6.77
44.06 1733 14.13
44.05 1734 12.04
44.05 1735 9.87
44.04 1736 12.55
44.05 1737 5.54
44.08 1738 3.13
44.10 1739 2.29
44.01 1740 26.06
44.05 1741 0.00
44.00 1742 20.26
44.04 1743 0.51
44.08 1744 0.00
44.05 1745 12.13
44.04 1746 10.12
43.98 1747 19.52
44.06 1748 0.00
44.04 1749 21.51
44.00 1750 24.42
43.98 1751 20.93
44.04 1752 2.52
44.02 1753 19.34
44.00 1754 17.33
44.00 1755 13.61
43.98 1756 16.29
43.94 1757 22.41
44.04 1758 0.00
43.94 1759 41.05
43.98 1760 10.29
44.03 1761 9.22
44.01 1762 22.92
44.03 1763 12.70
43.98 1764 28.28
44.00 1765 11.82
43.98 1766 20.83
43.95 1767 20.47
43.95 1768 15.19
44.01 1769 3.10
43.98 1770 18.36
43.95 1771 19.64
43.94 1772 16.08
43.98 1773 2.51
43.98 1774 11.29
43.94 1775 20.54
43.94 1776 10.57
43.96 1777 5.05
43.93 1778 15.71
43.98 1779 0.00
43.93 1780 21.83
43.91 1781 15.22
43.91 1782 9.94
43.93 1783 4.43
43.91 1784 11.81
43.98 1785 0.00
43.94 1786 20.11
43.98 1787 3.50
43.94 1788 18.92
43.91 1789 15.44
43.88 1790 16.72
43.88 1791 9.88
43.87 1792 12.58
43.96 1793 0.00
43.94 1794 23.08
43.88 1795 29.29
43.84 1796 25.97
43.91 1797 4.44
43.86 1798 26.20
43.91 1799 6.39
43.80 1800 36.51
43.88 1801 0.00
43.88 1802 9.99
43.84 1803 17.56
43.80 1804 17.32
43.80 1805 10.51
43.80 1806 8.32
43.84 1807 0.00
43.80 1808 18.59
43.80 1809 6.94
43.84 1810 0.00
43.78 1811 20.31
43.80 1812 3.90
43.80 1813 4.75
43.82 1814 2.40
43.84 1815 0.00
43.87 1816 0.00
43.84 1817 8.97
43.76 1818 21.71
43.73 1819 8.82
43.80 1820 0.00
43.82 1821 10.15
43.80 1822 17.57
43.82 1823 7.32
43.78 1824 19.59
43.78 1825 11.15
43.82 1826 2.31
43.78 1827 17.70
43.80 1828 4.33
43.78 1829 13.32
43.80 1830 4.72
43.84 1831 0.00
43.78 1832 21.87
43.80 1833 5.46
43.82 1834 3.03
43.77 1835 16.94
43.78 1836 5.29
43.77 1837 7.87
43.80 1838 0.75
43.77 1839 9.74
43.80 1840 0.00
43.77 1841 8.98
43.77 1842 3.67
43.73 1843 12.89
43.78 1844 0.00
43.71 1845 25.08
43.77 1846 0.00
43.77 1847 11.87
43.78 1848 9.60
43.75 1849 17.10
43.73 1850 15.15
43.73 1851 8.20
43.73 1852 9.14
43.71 1853 13.44
43.71 1854 8.13
43.68 1855 14.08
43.69 1856 5.57
43.66 1857 11.44
43.68 1858 2.85
43.66 1859 8.64
43.73 1860 0.00
43.68 1861 21.73
43.73 1862 0.24
43.71 1863 15.48
43.68 1864 16.74
43.71 1865 3.30
43.65 1866 22.06
43.69 1867 0.74
43.71 1868 3.01
43.69 1869 12.00
43.65 1870 14.90
43.68 1871 0.00
43.57 1872 28.61
43.66 1873 0.00
43.68 1874 14.85
43.64 1875 25.56
43.65 1876 15.50
43.66 1877 13.16
43.58 1878 33.73
43.62 1879 7.72
43.68 1880 1.79
43.63 1881 25.16
43.64 1882 10.33
43.62 1883 17.77
43.64 1884 7.54
43.64 1885 11.62
43.57 1886 25.78
43.66 1887 0.00
43.62 1888 27.98
43.60 1889 21.28
43.65 1890 7.69
43.57 1891 32.87
43.62 1892 6.79
43.65 1893 8.99
43.66 1894 11.34
43.60 1895 26.98
43.66 1896 0.74
43.63 1897 20.83
43.57 1898 23.89
43.55 1899 15.63
43.64 1900 0.00
43.64 1901 16.57
43.66 1902 11.04
43.55 1903 38.09
43.62 1904 2.47
43.63 1905 12.72
43.65 1906 8.75
43.68 1907 6.25
43.59 1908 29.94
43.60 1909 10.50
43.62 1910 8.17
43.62 1911 10.69
43.60 1912 13.36
43.64 1913 1.41
43.55 1914 26.67
43.68 1915 0.00
43.65 1916 30.95
43.60 1917 33.93
43.66 1918 10.81
43.63 1919 30.91
43.60 1920 27.40
43.64 1921 13.90
43.64 1922 21.10
43.59 1923 30.33
43.63 1924 13.78
43.53 1925 39.12
43.65 1926 0.00
43.58 1927 37.60
43.64 1928 9.79
43.59 1929 31.53
43.59 1930 21.54
43.65 1931 9.44
43.63 1932 24.69
43.64 1933 16.11
43.55 1934 36.68
43.59 1935 10.68
43.59 1936 17.88
43.59 1937 17.27
43.59 1938 16.66
43.60 1939 14.41
43.58 1940 20.29
43.63 1941 5.14
43.55 1942 28.68
43.68 1943 0.00
43.62 1944 37.51
43.64 1945 19.48
43.55 1946 41.61
43.58 1947 18.89
43.60 1948 18.04
43.62 1949 18.84
43.64 1950 16.43
43.58 1951 33.63
43.68 1952 0.00
43.63 1953 31.18
43.58 1954 29.48
43.62 1955 11.29
43.60 1956 21.78
43.59 1957 19.68
43.59 1958 17.51
43.60 1959 15.26
43.60 1960 16.21
43.64 1961 7.40
43.63 1962 17.88
43.60 1963 19.06
43.65 1964 3.92
43.55 1965 32.37
43.59 1966 4.81
43.63 1967 5.45
43.64 1968 7.80
43.60 1969 18.52
43.59 1970 11.74
43.64 1971 0.00
43.58 1972 21.89
43.58 1973 8.78
43.62 1974 0.00
43.59 1975 12.13
43.68 1976 0.00
43.55 1977 44.47
43.64 1978 0.00
43.55 1979 36.19
43.59 1980 10.19
43.58 1981 20.68
43.64 1982 3.81
43.59 1983 25.55
43.62 1984 10.64
43.63 1985 13.07
43.64 1986 10.74
43.53 1987 36.23
43.59 1988 0.62
43.60 1989 10.87
43.57 1990 18.39
43.57 1991 11.53
43.55 1992 14.21
43.58 1993 5.55
43.64 1994 0.00
43.58 1995 25.02
43.55 1996 18.47
43.60 1997 0.13
43.52 1998 26.87
43.55 1999 4.08
43.64 2000 0.00
43.62 2001 21.50
43.55 2002 30.97
43.57 2003 11.38
43.52 2004 25.31
43.55 2005 10.41
43.58 2006 7.92
43.58 2007 13.57
43.53 2008 22.81
43.53 2009 12.83
43.59 2010 0.00
43.59 2011 11.89
43.55 2012 19.49
43.52 2013 17.64
43.57 2014 0.94
43.55 2015 12.99
43.53 2016 14.18
43.50 2017 15.45
43.50 2018 8.60
43.55 2019 0.00
43.51 2020 16.98
43.60 2021 0.00
43.55 2022 29.63
43.55 2023 18.09
43.53 2024 20.77
43.52 2025 18.68
43.50 2026 21.44
43.51 2027 14.51
43.55 2028 7.26
43.53 2029 17.75
43.55 2030 9.10
43.55 2031 14.83
43.57 2032 7.73
43.55 2033 16.74
43.48 2034 26.22
43.52 2035 1.71
43.55 2036 5.56
43.55 2037 8.00
43.40 2038 41.79
43.53 2039 0.00
43.48 2040 37.45
43.50 2041 20.99
43.50 2042 25.08
43.51 2043 22.84
43.52 2044 20.51
43.52 2045 23.04
43.46 2046 35.57
43.46 2047 22.47
43.51 2048 12.03
43.51 2049 20.80
43.59 2050 2.14
43.45 2051 49.91
43.55 2052 0.00
43.48 2053 34.48
43.55 2054 5.05
43.48 2055 33.28
43.51 2056 12.05
43.48 2057 22.63
43.46 2058 22.26
43.48 2059 13.70
43.53 2060 4.74
43.53 2061 15.07
43.53 2062 14.47
43.48 2063 23.71
43.50 2064 10.46
43.42 2065 29.39
43.48 2066 1.69
43.46 2067 15.31
43.48 2068 6.66
43.53 2069 0.91
43.50 2070 16.24
43.48 2071 14.32
43.48 2072 7.39
43.50 2073 5.07
43.48 2074 12.52
43.46 2075 10.52
43.50 2076 0.00
43.48 2077 12.14
43.53 2078 0.00
43.58 2079 0.49
43.58 2080 9.25
43.48 2081 29.98
43.52 2082 0.00
43.53 2083 7.13
43.55 2084 4.81
43.57 2085 2.40
43.52 2086 16.33
43.52 2087 6.36
43.52 2088 5.75
43.52 2089 5.15
43.51 2090 7.83
43.51 2091 4.11
43.48 2092 10.07
43.51 2093 0.00
43.53 2094 0.72
43.41 2095 29.43
43.50 2096 0.00
43.53 2097 10.02
43.51 2098 20.59
43.42 2099 33.36
43.44 2100 12.30
43.48 2101 6.62
43.35 2102 40.10
43.39 2103 6.31
43.48 2104 0.00
43.42 2105 28.08
43.51 2106 0.00
43.42 2107 34.64
43.40 2108 21.79
43.39 2109 18.15
43.46 2110 1.23
43.34 2111 39.31
43.40 2112 3.80
43.41 2113 10.87
43.46 2114 3.55
43.41 2115 22.18
43.39 2116 17.14
43.35 2117 20.07
43.41 2118 0.00
43.46 2119 2.06
43.35 2120 33.82
43.38 2121 6.43
43.40 2122 5.61
43.39 2123 11.35
43.35 2124 17.40
43.40 2125 0.00
43.35 2126 18.63
43.35 2127 8.67
43.35 2128 8.09
43.37 2129 4.22
43.37 2130 6.76
43.37 2131 6.17
43.35 2132 8.87
43.37 2133 1.87
43.30 2134 19.19
43.38 2135 0.00
43.37 2136 16.68
43.40 2137 7.96
43.33 2138 28.40
43.37 2139 5.54
43.35 2140 16.05
43.34 2141 13.98
43.34 2142 11.84
43.37 2143 6.33
43.33 2144 18.64
43.39 2145 0.00
43.34 2146 21.76
43.34 2147 11.80
43.35 2148 9.57
43.28 2149 25.32
43.27 2150 12.32
43.27 2151 10.19
43.30 2152 4.68
43.20 2153 30.13
43.30 2154 0.00
43.26 2155 31.14
43.20 2156 34.32
43.30 2157 0.00
43.27 2158 24.66
43.22 2159 30.88
43.34 2160 0.00
43.30 2161 32.62
43.28 2162 29.15
43.30 2163 20.61
43.34 2164 13.30
43.26 2165 40.15
43.30 2166 14.18
43.33 2167 14.85
43.30 2168 25.44
43.26 2169 30.02
43.24 2170 23.35
43.34 2171 0.00
43.35 2172 18.09
43.35 2173 19.06
43.28 2174 33.25
43.38 2175 0.00
43.38 2176 18.16
43.39 2177 14.29
43.33 2178 29.96
43.30 2179 23.44
43.33 2180 10.05
43.35 2181 10.79
43.40 2182 5.04
43.30 2183 33.53
43.39 2184 0.00
43.30 2185 36.30
43.30 2186 15.32
43.39 2187 0.00
43.35 2188 24.81
43.35 2189 16.41
43.34 2190 17.46
43.40 2191 3.83
43.35 2192 24.02
43.41 2193 0.93
43.40 2194 16.12
43.30 2195 33.75
43.37 2196 0.00
43.26 2197 36.46
43.38 2198 0.00
43.37 2199 24.49
43.45 2200 5.93
43.32 2201 47.22
43.34 2202 16.71
43.35 2203 19.18
43.35 2204 20.15
43.34 2205 21.21
43.33 2206 22.35
43.35 2207 13.71
43.33 2208 22.74
43.28 2209 27.32
43.27 2210 19.01
43.32 2211 7.02
43.30 2212 19.09
43.33 2213 10.46
43.30 2214 19.49
43.34 2215 6.02
43.34 2216 13.25
43.22 2217 38.93
43.28 2218 0.22
43.32 2219 3.94
43.26 2220 24.30
43.30 2221 1.37
43.32 2222 6.89
43.40 2223 0.00
43.40 2224 15.04
43.33 2225 29.22
43.35 2226 9.65
43.34 2227 15.39
43.35 2228 11.60
43.27 2229 29.00
43.34 2230 0.00
43.33 2231 16.76
43.34 2232 9.77
43.33 2233 15.59
43.27 2234 23.38
43.30 2235 5.30
43.26 2236 20.81
43.24 2237 14.15
43.24 2238 10.45
43.24 2239 9.87
43.30 2240 0.00
43.27 2241 15.28
43.22 2242 21.51
43.26 2243 1.79
43.22 2244 17.23
43.33 2245 0.00
43.34 2246 18.01
43.37 2247 15.63
43.33 2248 27.93
43.37 2249 11.33
43.35 2250 21.84
43.38 2251 13.21
43.30 2252 33.72
43.26 2253 25.72
43.20 2254 30.46
43.28 2255 0.00
43.34 2256 3.48
43.30 2257 25.24
43.30 2258 15.29
43.26 2259 22.91
43.30 2260 6.32
43.30 2261 11.91
43.33 2262 7.97
43.28 2263 21.92
43.34 2264 0.00
43.26 2265 29.97
43.22 2266 20.41
43.23 2267 8.75
43.28 2268 1.45
43.28 2269 10.25
43.24 2270 17.88
43.32 2271 0.00
43.27 2272 24.89
43.23 2273 23.15
43.28 2274 4.91
43.22 2275 26.84
43.23 2276 10.49
43.20 2277 21.24
43.19 2278 14.50
43.15 2279 20.58
43.22 2280 0.00
43.14 2281 29.90
43.22 2282 0.00
43.15 2283 29.83
43.19 2284 6.99
43.20 2285 12.59
43.11 2286 31.64
43.22 2287 0.00
43.16 2288 32.79
43.23 2289 6.52
43.22 2290 23.29
43.14 2291 36.01
43.14 2292 19.82
43.17 2293 12.69
43.20 2294 13.45
43.19 2295 19.20
43.15 2296 25.28
43.21 2297 3.77
43.16 2298 25.55
43.20 2299 9.04
43.16 2300 21.29
43.20 2301 7.91
43.20 2302 13.59
43.24 2303 3.17
43.15 2304 31.67
43.15 2305 12.35
43.15 2306 11.79
43.13 2307 14.50
43.15 2308 7.53
43.17 2309 5.17
43.26 2310 0.00
43.12 2311 46.16
43.15 2312 10.90
43.14 2313 18.23
35.70 2314 255.00
27.03 2315 255.00
27.80 2316 0.00
26.09 2317 255.00
26.16 2318 99.30
26.83 2319 0.00
26.37 2320 229.08
28.21 2321 0.00
25.75 2322 255.00
25.50 2323 170.00
25.46 2324 129.41
25.55 2325 104.74
24.69 2326 255.00
24.80 2327 105.16
24.64 2328 161.13
24.74 2329 109.83
24.81 2330 116.64
24.53 2331 191.06
24.55 2332 131.19
24.53 2333 142.09
24.60 2334 123.93
24.55 2335 150.77
24.53 2336 144.41
24.57 2337 134.38
24.57 2338 143.48
24.62 2339 134.93
24.53 2340 163.65
24.59 2341 134.63
24.60 2342 146.77
24.64 2343 141.42
24.55 2344 168.57
24.60 2345 142.83
24.53 2346 168.27
24.57 2347 147.30
24.62 2348 146.55
24.53 2349 175.27
24.55 2350 156.10
24.55 2351 158.88
24.66 2352 138.76
24.53 2353 189.82
24.62 2354 146.50
24.59 2355 169.90
25.10 2356 59.81
25.88 2357 0.00
25.85 2358 163.98
25.32 2359 255.00
25.22 2360 171.31
25.17 2361 162.07
25.20 2362 149.00
25.26 2363 141.79
25.27 2364 152.23
25.24 2365 163.15
25.33 2366 140.07
25.21 2367 183.09
25.22 2368 159.24
25.32 2369 140.69
25.32 2370 162.22
25.32 2371 163.44
25.27 2372 174.51
25.26 2373 169.64
25.28 2374 162.81
25.33 2375 158.87
25.27 2376 180.96
25.30 2377 164.68
25.22 2378 190.20
25.20 2379 179.17
24.68 2380 255.00
25.46 2381 0.00
-11.71 2382 255.00
85.12 2383 0.00
24.95 2384 255.00
32.80 2385 0.00
47.20 2386 0.00
47.22 2387 154.69
42.16 2388 255.00
47.34 2389 0.00
47.32 2390 159.92
47.40 2391 139.40
47.45 2392 144.19
47.60 2393 119.74
47.54 2394 163.11
47.55 2395 147.97
47.63 2396 132.11
47.60 2397 151.65
47.66 2398 134.46
47.70 2399 136.17
47.72 2400 138.04
47.83 2401 118.73
47.85 2402 134.65
47.89 2403 130.09
47.91 2404 131.94
47.96 2405 125.74
47.96 2406 134.07
48.00 2407 124.81
47.95 2408 141.42
48.03 2409 114.59
48.05 2410 124.24
48.07 2411 124.59
48.14 2412 111.88
48.16 2413 121.60
48.13 2414 130.22
48.21 2415 104.86
48.26 2416 111.12
48.23 2417 125.99
48.30 2418 102.25
48.27 2419 123.36
48.26 2420 119.32
48.34 2421 97.06
48.32 2422 118.09
48.36 2423 104.11
48.26 2424 132.18
48.37 2425 87.81
48.33 2426 116.80
48.43 2427 86.57
48.53 2428 84.45
48.48 2429 115.15
48.48 2430 103.12
48.53 2431 90.53
48.48 2432 110.21
48.51 2433 94.81
48.57 2434 85.27
48.48 2435 116.36
48.59 2436 71.89
48.56 2437 100.78
48.59 2438 86.86
48.57 2439 96.93
48.69 2440 66.51
48.59 2441 110.17
48.55 2442 96.95
48.55 2443 88.04
48.59 2444 77.08
48.64 2445 75.50
48.66 2446 80.48
48.69 2447 75.92
48.61 2448 97.47
48.72 2449 57.75
48.62 2450 99.84
48.69 2451 63.65
48.72 2452 70.03
48.71 2453 76.79
48.59 2454 100.37
48.64 2455 62.78
48.66 2456 67.67
48.66 2457 72.89
48.68 2458 65.28
48.69 2459 67.21
48.62 2460 82.43
48.71 2461 47.56
48.71 2462 65.19
48.62 2463 83.76
48.66 2464 54.05
48.63 2465 68.88
48.63 2466 61.51
48.69 2467 48.91
48.73 2468 48.88
48.69 2469 66.98
48.61 2470 72.90
48.61 2471 56.16
48.66 2472 45.21
48.66 2473 53.46
48.66 2474 52.35
48.66 2475 51.23
48.66 2476 48.48
48.68 2477 45.64
48.59 2478 65.70
48.62 2479 42.48
48.59 2480 52.62
48.63 2481 35.42
48.59 2482 53.53
48.51 2483 59.46
48.52 2484 39.45
48.64 2485 16.85
48.59 2486 49.02
48.56 2487 45.10
48.64 2488 21.33
48.52 2489 60.46
48.48 2490 44.13
48.48 2491 36.86
48.50 2492 29.28
48.59 2493 13.17
48.48 2494 55.43
48.45 2495 35.82
48.48 2496 25.11
48.44 2497 36.91
48.37 2498 42.77
48.46 2499 7.93
48.48 2500 22.30
48.45 2501 29.25
48.34 2502 46.45
48.41 2503 8.72
48.41 2504 23.33
48.36 2505 30.52
48.36 2506 20.06
48.39 2507 12.41
48.33 2508 30.70
48.32 2509 18.76
48.26 2510 29.25
48.33 2511 0.90
48.23 2512 33.58
48.27 2513 5.55
48.23 2514 20.49
48.23 2515 11.60
48.21 2516 15.45
48.21 2517 9.70
48.10 2518 31.60
48.16 2519 0.00
48.12 2520 18.08
48.09 2521 14.13
48.08 2522 11.66
48.07 2523 9.12
48.14 2524 0.00
48.10 2525 21.21
48.05 2526 22.18
48.09 2527 3.54
48.02 2528 25.07
47.98 2529 18.16
48.01 2530 4.38
47.98 2531 12.94
47.95 2532 13.77
48.01 2533 0.00
47.93 2534 26.30
47.88 2535 21.12
47.88 2536 9.15
47.91 2537 0.00
47.88 2538 14.98
47.94 2539 0.00
47.89 2540 21.30
47.78 2541 33.87
47.84 2542 0.00
47.88 2543 4.90
47.80 2544 26.53
47.76 2545 18.08
47.87 2546 0.00
47.72 2547 52.02
47.80 2548 4.90
47.78 2549 22.78
47.73 2550 30.12
47.76 2551 11.59
47.76 2552 16.81
47.68 2553 32.20
47.68 2554 15.56
47.70 2555 11.26
47.67 2556 18.29
47.57 2557 33.92
47.70 2558 0.00
47.63 2559 40.31
47.68 2560 15.39
47.68 2561 23.75
47.66 2562 27.65
47.63 2563 28.52
47.63 2564 21.25
47.63 2565 20.24
47.61 2566 22.51
47.56 2567 28.22
47.60 2568 9.64
47.65 2569 6.59
47.59 2570 28.08
47.66 2571 0.00
47.56 2572 32.74
47.54 2573 17.91
47.56 2574 7.30
47.54 2575 15.90
47.54 2576 10.21
47.55 2577 7.56
47.50 2578 17.97
47.49 2579 9.24
47.56 2580 0.00
47.50 2581 26.19
47.48 2582 17.61
47.52 2583 2.08
47.37 2584 43.28
47.45 2585 0.00
47.43 2586 21.12
47.45 2587 10.51
47.45 2588 14.20
47.43 2589 18.13
47.49 2590 0.00
47.40 2591 31.20
47.37 2592 18.02
47.41 2593 2.58
47.45 2594 1.19
47.43 2595 11.30
47.48 2596 0.00
47.41 2597 23.15
47.45 2598 0.00
47.38 2599 19.95
47.37 2600 9.74
47.30 2601 20.40
47.37 2602 0.00
47.32 2603 22.92
47.42 2604 0.00
47.41 2605 22.60
47.32 2606 36.54
47.27 2607 29.86
47.32 2608 6.46
47.29 2609 22.98
47.30 2610 14.11
47.31 2611 11.41
47.34 2612 6.99
47.24 2613 33.59
47.34 2614 0.00
47.24 2615 37.46
47.25 2616 16.10
47.27 2617 13.40
47.24 2618 20.47
47.22 2619 19.74
47.25 2620 7.51
47.25 2621 12.79
47.27 2622 6.89
47.25 2623 15.52
47.22 2624 16.43
47.20 2625 12.49
47.27 2626 0.00
47.18 2627 29.58
47.27 2628 0.00
47.23 2629 24.42
47.23 2630 15.63
47.24 2631 11.38
47.22 2632 18.45
47.20 2633 16.08
47.23 2634 7.06
47.20 2635 17.34
47.16 2636 16.68
47.20 2637 2.90
47.14 2638 19.67
47.20 2639 0.00
47.11 2640 28.02
47.25 2641 0.00
47.09 2642 59.98
47.12 2643 22.84
47.06 2644 38.06
47.16 2645 6.47
47.20 2646 16.05
47.14 2647 34.38
47.18 2648 14.27
47.14 2649 29.32
47.18 2650 12.34
47.16 2651 24.11
47.12 2652 26.66
47.09 2653 22.81
47.18 2654 0.00
47.13 2655 26.07
47.11 2656 20.65
47.16 2657 3.52
47.16 2658 15.13
47.16 2659 12.60
47.09 2660 26.41
47.12 2661 4.82
47.14 2662 5.18
47.07 2663 23.68
47.09 2664 5.38
47.11 2665 2.62
47.06 2666 16.20
47.09 2667 0.00
47.06 2668 11.86
47.09 2669 0.00
47.09 2670 6.93
47.09 2671 2.77
47.14 2672 0.00
47.11 2673 14.98
47.09 2674 11.05
47.09 2675 8.61
47.02 2676 19.22
47.09 2677 0.00
46.98 2678 34.52
47.09 2679 0.00
47.09 2680 20.92
46.99 2681 39.65
47.02 2682 13.39
46.98 2683 28.54
47.02 2684 8.36
47.04 2685 13.50
47.05 2686 14.03
46.98 2687 29.41
46.94 2688 22.61
47.09 2689 0.00
47.07 2690 32.01
47.02 2691 39.42
46.96 2692 39.02
47.09 2693 0.87
47.00 2694 42.97
47.02 2695 19.91
46.98 2696 33.49
46.99 2697 19.89
46.98 2698 25.35
47.00 2699 16.35
46.96 2700 28.29
47.05 2701 1.48
47.00 2702 27.56
46.94 2703 30.37
47.06 2704 0.00
47.02 2705 33.89
47.04 2706 18.64
47.09 2707 12.53
46.99 2708 40.64
47.05 2709 9.45
46.93 2710 44.05
46.95 2711 14.75
47.02 2712 5.36
47.02 2713 16.91
47.00 2714 19.24
47.06 2715 2.03
46.98 2716 31.63
47.09 2717 0.00
47.02 2718 37.25
46.91 2719 45.22
47.00 2720 4.34
47.00 2721 20.58
46.98 2722 24.56
47.02 2723 10.71
46.95 2724 30.71
47.04 2725 0.00
46.91 2726 42.50
47.00 2727 0.00
47.02 2728 12.95
47.02 2729 15.13
47.02 2730 12.54
47.00 2731 18.07
47.00 2732 12.43
47.00 2733 11.48
47.06 2734 0.00
47.04 2735 16.47
47.00 2736 19.03
47.05 2737 0.42
46.99 2738 20.33
47.05 2739 0.00
46.96 2740 28.04
46.98 2741 6.62
47.02 2742 0.00
47.05 2743 3.50
46.95 2744 26.93
47.02 2745 0.00
47.02 2746 9.91
46.96 2747 23.65
46.96 2748 10.20
46.98 2749 5.97
46.93 2750 18.00
46.91 2751 12.61
46.93 2752 2.05
46.96 2753 0.00
46.94 2754 10.23
47.02 2755 0.00
46.94 2756 34.29
47.00 2757 3.03
46.91 2758 34.27
47.00 2759 0.00
46.94 2760 30.93
46.98 2761 9.28
46.91 2762 30.92
46.93 2763 10.99
46.96 2764 8.17
46.96 2765 13.47
46.98 2766 9.24
46.88 2767 31.12
46.94 2768 0.00
46.93 2769 11.64
46.96 2770 2.56
46.93 2771 14.43
46.94 2772 5.60
46.86 2773 22.63
46.84 2774 9.35
46.91 2775 0.00
46.91 2776 11.56
46.84 2777 25.39
46.82 2778 13.68
46.72 2779 30.96
46.60 2780 34.35
46.65 2781 0.15
46.59 2782 21.74
46.46 2783 34.60
46.51 2784 0.00
46.43 2785 24.89
46.38 2786 18.22
46.33 2787 19.45
46.24 2788 25.68
46.26 2789 4.34
46.20 2790 19.72
46.13 2791 19.48
46.20 2792 0.00
46.18 2793 18.12
46.11 2794 27.33
46.10 2795 14.05
46.00 2796 32.97
46.02 2797 8.52
46.00 2798 14.08
46.09 2799 0.00
46.04 2800 26.18
45.95 2801 34.00
45.99 2802 7.76
46.04 2803 4.88
46.02 2804 18.32
45.97 2805 22.63
45.95 2806 15.69
45.95 2807 13.37
45.98 2808 4.39
45.95 2809 16.36
45.90 2810 19.11
45.91 2811 7.26
45.85 2812 19.47
45.80 2813 17.55
45.86 2814 0.00
45.85 2815 11.74
45.82 2816 15.91
45.80 2817 12.11
45.80 2818 9.80
45.84 2819 0.00
45.80 2820 15.19
45.85 2821 0.00
45.84 2822 13.39
45.80 2823 17.63
45.88 2824 0.00
45.81 2825 31.12
45.71 2826 37.57
45.70 2827 19.72
45.76 2828 2.64
45.73 2829 19.24
45.73 2830 13.73
45.71 2831 17.83
45.72 2832 10.68
45.66 2833 22.91
45.78 2834 0.00
45.78 2835 22.61
45.76 2836 26.71
45.67 2837 39.25
45.70 2838 16.32
45.71 2839 16.90
45.74 2840 12.64
45.69 2841 29.56
45.72 2842 11.24
45.69 2843 23.23
45.67 2844 19.44
45.73 2845 2.37
45.76 2846 9.12
45.67 2847 31.04
45.76 2848 0.00
45.66 2849 36.06
45.70 2850 9.93
45.70 2851 15.36
45.60 2852 34.23
45.69 2853 0.00
45.73 2854 6.52
45.64 2855 34.77
45.66 2856 10.28
45.65 2857 17.43
45.70 2858 3.65
45.63 2859 26.97
45.66 2860 3.89
45.69 2861 5.96
45.69 2862 9.83
45.73 2863 0.00
45.69 2864 18.40
45.74 2865 0.00
45.72 2866 15.04
45.67 2867 19.38
45.71 2868 0.98
45.71 2869 7.97
45.72 2870 5.51
45.70 2871 11.17
45.72 2872 0.74
45.66 2873 16.10
45.66 2874 4.34
45.67 2875 1.88
45.67 2876 2.63
45.70 2877 0.00
45.70 2878 3.87
45.66 2879 9.61
45.69 2880 0.00
45.66 2881 8.79
45.63 2882 11.50
45.65 2883 0.00
45.63 2884 8.80
45.70 2885 0.00
45.67 2886 18.17
45.59 2887 29.08
45.63 2888 6.08
45.64 2889 8.23
45.65 2890 8.90
45.65 2891 9.65
45.57 2892 25.25
45.59 2893 3.89
45.58 2894 11.05
45.59 2895 3.84
45.63 2896 0.00
45.64 2897 2.15
45.64 2898 4.47
45.54 2899 24.99
45.64 2900 0.00
45.59 2901 29.35
45.60 2902 17.52
45.59 2903 19.91
45.60 2904 15.90
45.67 2905 1.88
45.62 2906 26.62
25.12 2907 255.00
45.72 2908 0.00
26.83 2909 255.00
24.73 2910 255.00
24.77 2911 117.89
24.58 2912 169.57
24.51 2913 146.58
24.52 2914 130.53
24.53 2915 133.31
24.57 2916 127.96
24.47 2917 158.41
24.51 2918 131.19
24.51 2919 140.30
24.51 2920 141.60
24.63 2921 116.64
24.64 2922 141.28
24.66 2923 139.21
24.64 2924 150.10
24.60 2925 154.91
24.57 2926 154.95
24.63 2927 136.86
24.60 2928 157.22
24.62 2929 148.97
25.02 2930 69.67
25.04 2931 145.69
28.90 2932 0.00
24.77 2933 255.00
24.66 2934 150.23
24.66 2935 131.28
24.68 2936 126.08
24.69 2937 130.41
24.73 2938 125.05
24.63 2939 153.83
24.69 2940 124.88
24.74 2941 125.61
24.79 2942 127.97
24.74 2943 148.47
24.77 2944 135.45
24.73 2945 149.61
24.73 2946 143.08
24.64 2947 162.41
24.74 2948 125.17
24.70 2949 154.97
24.71 2950 146.79
24.70 2951 151.27
24.66 2952 160.84
24.77 2953 128.13
24.75 2954 157.76
24.91 2955 121.52
42.50 2956 0.00
41.09 2957 255.00
30.45 2958 255.00
24.80 2959 255.00
38.08 2960 0.00
37.48 2961 255.00
37.15 2962 206.83
36.88 2963 195.49
36.61 2964 199.87
36.31 2965 207.65
35.91 2966 232.10
35.57 2967 224.80
35.16 2968 241.59
34.74 2969 249.21
34.38 2970 240.62
34.09 2971 231.43
33.82 2972 228.20
33.48 2973 247.67
33.03 2974 255.00
32.83 2975 209.06
32.48 2976 242.77
32.13 2977 245.18
31.87 2978 232.77
31.60 2979 236.02
31.29 2980 249.14
31.10 2981 226.65
30.91 2982 230.83
