45.37 1 255.00
45.42 2 255.00
45.44 3 255.00
45.40 4 255.00
45.46 5 255.00
45.46 6 255.00
45.46 7 255.00
45.44 8 255.00
45.41 9 255.00
45.44 10 255.00
45.41 11 255.00
45.38 12 255.00
45.48 13 255.00
45.41 14 255.00
45.49 15 255.00
45.44 16 255.00
45.46 17 255.00
45.46 18 255.00
45.48 19 255.00
45.51 20 255.00
45.46 21 255.00
45.49 22 255.00
45.44 23 255.00
45.44 24 255.00
45.41 25 255.00
45.48 26 255.00
45.47 27 255.00
45.44 28 255.00
45.51 29 255.00
45.47 30 255.00
45.46 31 255.00
45.42 32 255.00
45.45 33 255.00
45.40 34 255.00
45.48 35 255.00
45.44 36 255.00
45.48 37 255.00
45.45 38 255.00
45.40 39 255.00
45.53 40 255.00
45.46 41 255.00
45.46 42 255.00
45.39 43 255.00
45.41 44 255.00
45.41 45 255.00
