25.12 1 255.00
25.16 2 255.00
25.15 3 255.00
25.16 4 255.00
25.19 5 255.00
25.13 6 255.00
25.17 7 255.00
25.16 8 255.00
25.24 9 255.00
25.32 10 255.00
25.28 11 255.00
25.57 12 255.00
25.71 13 255.00
25.94 14 255.00
25.98 15 255.00
26.07 16 255.00
26.23 17 255.00
26.27 18 255.00
26.31 19 255.00
26.27 20 255.00
26.18 21 255.00
26.12 22 255.00
26.07 23 255.00
26.02 24 255.00
25.96 25 255.00
25.90 26 255.00
25.83 27 255.00
25.77 28 255.00
25.80 29 255.00
25.80 30 255.00
25.84 31 255.00
25.83 32 255.00
25.83 33 255.00
25.77 34 255.00
25.73 35 255.00
25.84 36 255.00
25.95 37 255.00
26.01 38 255.00
26.01 39 255.00
25.97 40 255.00
25.79 41 255.00
25.88 42 255.00
25.80 43 255.00
25.77 44 255.00
25.66 45 255.00
25.69 46 255.00
25.71 47 255.00
25.70 48 255.00
25.68 49 255.00
25.71 50 255.00
25.70 51 255.00
25.79 52 255.00
25.83 53 255.00
25.68 54 255.00
25.90 55 255.00
25.85 56 255.00
25.86 57 255.00
25.95 58 255.00
25.98 59 255.00
25.97 60 255.00
25.96 61 255.00
25.90 62 255.00
25.83 63 255.00
