24.41 1 255.00
24.30 2 255.00
24.44 3 255.00
24.46 4 255.00
24.40 5 255.00
24.34 6 255.00
24.31 7 255.00
24.46 8 255.00
24.38 9 255.00
24.42 10 255.00
24.37 11 255.00
24.34 12 255.00
24.47 13 255.00
24.51 14 255.00
24.38 15 255.00
24.35 16 255.00
24.34 17 255.00
24.42 18 255.00
24.45 19 255.00
24.42 20 255.00
24.37 21 255.00
24.38 22 255.00
24.36 23 255.00
24.37 24 255.00
24.37 25 255.00
24.29 26 255.00
24.41 27 255.00
24.36 28 255.00
24.34 29 255.00
24.34 30 255.00
24.31 31 255.00
24.33 32 255.00
24.40 33 255.00
24.36 34 255.00
24.42 35 255.00
24.35 36 255.00
24.37 37 255.00
24.35 38 255.00
24.38 39 255.00
24.34 40 255.00
24.41 41 255.00
24.36 42 255.00
24.38 43 255.00
24.38 44 255.00
24.35 45 255.00
24.36 46 255.00
24.38 47 255.00
24.27 48 255.00
24.37 49 255.00
24.34 50 255.00
