25.02 1 255.00
25.02 2 255.00
25.06 3 255.00
25.08 4 255.00
25.04 5 255.00
25.08 6 255.00
25.04 7 255.00
25.05 8 255.00
25.10 9 255.00
25.08 10 255.00
25.09 11 255.00
25.09 12 255.00
25.09 13 255.00
25.13 14 255.00
25.06 15 255.00
25.13 16 255.00
25.10 17 255.00
25.10 18 255.00
25.13 19 255.00
25.09 20 255.00
25.15 21 255.00
25.00 22 255.00
25.19 23 255.00
25.11 24 255.00
25.22 25 255.00
25.04 26 255.00
25.10 27 255.00
25.12 28 255.00
25.11 29 255.00
25.08 30 255.00
25.16 31 255.00
25.11 32 255.00
25.16 33 255.00
25.05 34 255.00
25.10 35 255.00
25.15 36 255.00
25.15 37 255.00
25.09 38 255.00
25.13 39 255.00
25.06 40 255.00
25.15 41 255.00
25.11 42 255.00
25.11 43 255.00
25.19 44 255.00
25.19 45 255.00
25.11 46 255.00
25.23 47 255.00
25.24 48 255.00
25.33 49 255.00
25.73 1 255.00
25.84 2 255.00
25.96 3 255.00
26.01 4 255.00
26.18 5 255.00
26.27 6 255.00
26.37 7 255.00
26.48 8 255.00
26.66 9 255.00
26.70 10 255.00
26.81 11 255.00
26.94 12 255.00
27.10 13 255.00
27.23 14 255.00
27.37 15 255.00
27.47 16 255.00
27.64 17 255.00
27.70 18 255.00
27.77 19 255.00
27.94 20 255.00
28.07 21 255.00
28.16 22 255.00
28.29 23 255.00
28.39 24 255.00
28.47 25 255.00
28.63 26 255.00
28.65 27 255.00
28.71 28 255.00
28.98 29 255.00
28.97 30 255.00
29.07 31 255.00
29.20 32 255.00
29.28 33 255.00
29.45 34 255.00
29.49 35 255.00
29.55 36 255.00
29.63 37 255.00
29.81 38 255.00
29.95 39 255.00
29.97 40 255.00
30.03 41 255.00
30.16 42 255.00
30.27 43 255.00
30.37 44 255.00
30.50 45 255.00
30.57 46 255.00
30.69 47 255.00
30.77 48 255.00
30.87 49 255.00
30.88 50 255.00
30.97 51 255.00
31.06 52 255.00
31.20 53 255.00
31.26 54 255.00
31.33 55 255.00
31.45 56 255.00
31.45 57 255.00
31.55 58 255.00
31.65 59 255.00
31.66 60 255.00
31.82 61 255.00
31.87 62 255.00
31.89 63 255.00
32.00 64 255.00
32.18 65 255.00
32.22 66 255.00
32.23 67 255.00
32.32 68 255.00
32.36 69 255.00
32.45 70 255.00
32.55 71 255.00
32.59 72 255.00
32.68 73 255.00
32.73 74 255.00
32.88 75 255.00
32.88 76 255.00
32.90 77 255.00
32.97 78 255.00
33.12 79 255.00
33.12 80 255.00
33.26 81 255.00
33.30 82 255.00
33.41 83 255.00
33.40 84 255.00
33.51 85 255.00
33.55 86 255.00
33.60 87 255.00
33.75 88 255.00
33.80 89 255.00
33.75 90 255.00
33.88 91 255.00
33.91 92 255.00
34.02 93 255.00
34.04 94 255.00
34.13 95 255.00
34.18 96 255.00
34.23 97 255.00
34.36 98 255.00
34.43 99 255.00
34.51 100 255.00
34.49 101 255.00
34.60 102 255.00
34.63 103 255.00
34.72 104 255.00
34.70 105 255.00
34.86 106 255.00
34.84 107 255.00
34.99 108 255.00
34.99 109 255.00
35.08 110 255.00
35.14 111 255.00
35.22 112 255.00
35.20 113 255.00
35.30 114 255.00
35.41 115 255.00
35.40 116 255.00
35.47 117 255.00
35.49 118 255.00
35.52 119 255.00
35.69 120 255.00
35.63 121 255.00
35.80 122 255.00
35.87 123 255.00
35.87 124 255.00
35.95 125 255.00
36.00 126 255.00
36.06 127 255.00
36.10 128 255.00
36.16 129 255.00
36.19 130 255.00
36.28 131 255.00
36.41 132 255.00
36.37 133 255.00
36.48 134 255.00
36.59 135 255.00
36.54 136 255.00
36.63 137 255.00
36.62 138 255.00
36.74 139 255.00
36.81 140 255.00
36.79 141 255.00
36.84 142 255.00
36.88 143 255.00
36.98 144 255.00
37.04 145 255.00
37.16 146 255.00
37.15 147 255.00
37.22 148 255.00
37.20 149 255.00
37.27 150 255.00
37.33 151 255.00
37.42 152 255.00
37.35 153 255.00
37.52 154 255.00
37.59 155 255.00
37.66 156 255.00
37.70 157 255.00
37.76 158 255.00
37.77 159 255.00
37.83 160 255.00
37.91 161 255.00
37.97 162 255.00
37.94 163 255.00
38.04 164 255.00
38.12 165 255.00
38.12 166 255.00
38.15 167 255.00
38.23 168 255.00
38.27 169 255.00
38.30 170 255.00
38.36 171 255.00
38.40 172 255.00
38.47 173 255.00
38.46 174 255.00
38.60 175 255.00
38.65 176 255.00
38.71 177 255.00
38.73 178 255.00
38.72 179 255.00
38.88 180 255.00
38.83 181 255.00
38.98 182 255.00
38.96 183 255.00
39.02 184 255.00
39.05 185 255.00
39.17 186 255.00
39.22 187 255.00
39.23 188 255.00
39.24 189 255.00
39.39 190 255.00
39.38 191 255.00
39.45 192 255.00
39.53 193 255.00
39.60 194 255.00
39.55 195 255.00
39.63 196 255.00
39.63 197 255.00
39.69 198 255.00
39.82 199 255.00
39.80 200 255.00
39.90 201 255.00
39.94 202 255.00
40.02 203 255.00
40.05 204 255.00
40.09 205 255.00
40.12 206 255.00
40.26 207 255.00
40.23 208 255.00
40.35 209 255.00
40.41 210 255.00
40.46 211 255.00
40.53 212 255.00
40.50 213 255.00
40.51 214 255.00
40.61 215 255.00
40.59 216 255.00
40.70 217 255.00
40.76 218 255.00
40.89 219 255.00
40.83 220 255.00
40.88 221 255.00
40.98 222 255.00
40.95 223 255.00
41.12 224 255.00
41.08 225 255.00
41.16 226 255.00
41.19 227 255.00
41.20 228 255.00
41.27 229 255.00
41.31 230 255.00
41.34 231 255.00
41.41 232 255.00
41.45 233 255.00
41.48 234 255.00
41.52 235 255.00
41.60 236 255.00
41.73 237 255.00
41.63 238 255.00
41.75 239 255.00
41.84 240 255.00
41.80 241 255.00
41.87 242 255.00
41.98 243 255.00
41.94 244 255.00
41.95 245 255.00
42.01 246 255.00
42.13 247 255.00
42.09 248 255.00
42.21 249 255.00
42.23 250 255.00
42.30 251 255.00
42.35 252 255.00
42.32 253 255.00
42.39 254 255.00
42.40 255 255.00
42.42 256 255.00
42.62 257 255.00
42.55 258 255.00
42.58 259 255.00
42.68 260 255.00
42.78 261 255.00
42.73 262 255.00
42.80 263 255.00
42.78 264 255.00
42.98 265 255.00
42.96 266 255.00
43.01 267 255.00
43.06 268 255.00
43.09 269 255.00
43.14 270 255.00
43.24 271 255.00
43.32 272 255.00
43.34 273 255.00
43.38 274 255.00
43.46 275 255.00
43.52 276 255.00
43.48 277 255.00
43.58 278 255.00
43.63 279 255.00
43.63 280 255.00
43.64 281 255.00
43.77 282 255.00
43.88 283 255.00
43.93 284 255.00
43.88 285 255.00
43.88 286 255.00
43.98 287 255.00
43.95 288 255.00
44.13 289 255.00
44.15 290 255.00
44.21 291 255.00
44.23 292 255.00
44.24 293 255.00
44.39 294 255.00
44.38 295 255.00
44.50 296 255.00
44.45 297 255.00
44.55 298 255.00
44.53 299 255.00
44.57 300 255.00
44.62 301 255.00
44.71 302 255.00
44.80 303 255.00
44.80 304 255.00
44.83 305 255.00
44.87 306 255.00
44.89 307 255.00
44.92 308 255.00
45.08 309 255.00
45.06 310 255.00
45.17 311 255.00
45.19 312 255.00
45.23 313 255.00
45.28 314 255.00
45.29 315 255.00
45.38 316 255.00
45.37 317 255.00
45.42 318 255.00
45.41 319 255.00
45.49 320 255.00
45.57 321 255.00
45.65 322 255.00
45.66 323 255.00
45.65 324 255.00
45.69 325 255.00
45.78 326 255.00
45.85 327 255.00
45.92 328 255.00
45.91 329 255.00
45.95 330 255.00
46.02 331 255.00
46.05 332 255.00
46.13 333 255.00
46.09 334 255.00
46.13 335 255.00
46.18 336 255.00
46.26 337 255.00
46.34 338 255.00
46.43 339 255.00
46.43 340 255.00
46.43 341 255.00
46.47 342 255.00
46.52 343 255.00
46.56 344 255.00
46.69 345 255.00
46.67 346 255.00
46.63 347 255.00
46.76 348 255.00
46.77 349 255.00
46.79 350 255.00
46.94 351 255.00
46.87 352 255.00
46.96 353 255.00
46.98 354 255.00
47.04 355 255.00
47.13 356 255.00
47.16 357 255.00
47.24 358 255.00
47.29 359 255.00
47.25 360 255.00
47.55 361 255.00
47.43 362 255.00
47.43 363 255.00
47.52 364 255.00
47.56 365 255.00
47.54 366 255.00
47.63 367 255.00
47.65 368 255.00
47.61 369 255.00
47.80 370 255.00
47.83 371 255.00
47.80 372 255.00
47.88 373 255.00
47.89 374 255.00
48.01 375 255.00
47.98 376 255.00
48.09 377 255.00
48.09 378 255.00
48.14 379 255.00
48.16 380 255.00
48.23 381 255.00
48.23 382 255.00
48.32 383 255.00
48.37 384 255.00
48.41 385 255.00
48.50 386 255.00
48.52 387 255.00
48.55 388 255.00
48.66 389 255.00
48.71 390 255.00
48.66 391 255.00
48.80 392 255.00
48.79 393 255.00
48.79 394 255.00
48.86 395 255.00
48.96 396 255.00
48.96 397 255.00
48.99 398 255.00
48.99 399 255.00
49.04 400 255.00
49.14 401 255.00
49.13 402 255.00
49.21 403 255.00
49.24 404 255.00
49.29 405 255.00
49.37 406 255.00
49.38 407 255.00
49.46 408 255.00
49.55 409 255.00
49.48 410 255.00
49.57 411 255.00
49.65 412 255.00
49.72 413 255.00
49.77 414 255.00
49.77 415 255.00
49.81 416 255.00
49.82 417 255.00
49.82 418 255.00
49.95 419 255.00
50.05 420 255.00
50.04 421 255.00
50.02 422 255.00
50.11 423 255.00
50.11 424 255.00
50.15 425 255.00
50.25 426 255.00
50.24 427 255.00
50.42 428 255.00
50.34 429 255.00
50.42 430 255.00
50.40 431 255.00
50.52 432 255.00
50.50 433 255.00
50.60 434 255.00
50.60 435 255.00
50.61 436 255.00
50.73 437 255.00
50.81 438 255.00
50.81 439 255.00
50.85 440 255.00
50.94 441 255.00
50.88 442 255.00
50.97 443 255.00
50.94 444 255.00
51.10 445 0.00
51.09 446 145.63
51.07 447 147.88
51.12 448 132.23
51.19 449 125.73
51.25 450 125.54
51.20 451 148.40
51.26 452 123.21
51.20 453 147.72
51.23 454 127.53
51.23 455 132.66
51.27 456 121.69
51.20 457 146.35
51.23 458 123.04
51.12 459 151.15
51.09 460 133.09
51.13 461 120.72
51.13 462 125.86
51.09 463 131.31
51.10 464 122.31
51.03 465 137.54
51.03 466 122.37
51.00 467 127.84
50.96 468 128.69
50.92 469 127.99
50.91 470 120.73
50.89 471 123.00
50.83 472 130.35
50.87 473 108.56
50.84 474 120.21
50.77 475 129.21
50.83 476 102.58
50.77 477 123.93
50.83 478 100.42
50.80 479 115.20
50.73 480 125.85
50.72 481 110.79
50.67 482 118.01
50.67 483 107.56
50.60 484 121.27
50.67 485 91.37
50.65 486 109.29
50.59 487 116.67
50.50 488 121.17
50.48 489 107.86
50.55 490 87.35
50.47 491 116.77
50.48 492 98.46
50.45 493 103.90
50.49 494 89.96
50.49 495 96.72
50.45 496 105.52
50.43 497 98.38
50.45 498 90.93
50.38 499 107.79
50.38 500 91.04
50.29 501 111.26
50.34 502 81.64
50.38 503 81.77
50.27 504 111.53
50.29 505 83.70
50.18 506 110.34
50.20 507 82.52
50.27 508 73.06
50.16 509 107.51
50.20 510 74.77
50.18 511 88.05
50.15 512 88.91
50.15 513 81.65
50.17 514 75.71
50.04 515 107.28
50.02 516 83.00
50.09 517 64.10
50.02 518 93.56
50.04 519 72.01
50.00 520 83.90
49.95 521 86.58
50.00 522 63.16
49.89 523 96.08
49.97 524 56.80
49.91 525 84.56
49.91 526 69.43
49.88 527 76.56
49.86 528 74.25
49.91 529 58.73
49.86 530 76.96
49.81 531 76.45
49.82 532 64.45
49.77 533 74.88
49.82 534 54.68
49.79 535 69.64
49.84 536 52.56
49.74 537 80.65
49.63 538 85.54
49.77 539 29.96
49.74 540 65.23
49.69 541 69.50
49.67 542 60.88
49.72 543 46.94
49.69 544 61.90
49.66 545 59.61
49.57 546 73.65
49.53 547 62.15
49.62 548 35.33
49.44 549 89.31
49.48 550 42.58
49.52 551 44.44
49.52 552 49.74
49.49 553 53.71
49.48 554 49.72
49.48 555 47.21
49.39 556 65.95
49.49 557 24.93
49.44 558 55.78
49.39 559 53.75
49.40 560 41.79
49.31 561 60.47
49.41 562 21.01
49.29 563 66.65
49.27 564 45.64
49.33 565 26.90
49.31 566 41.75
49.26 567 49.18
49.27 568 35.67
49.21 569 47.80
49.16 570 45.79
49.20 571 28.93
49.17 572 39.19
49.08 573 53.28
49.13 574 23.77
49.15 575 27.31
49.14 576 32.73
48.98 577 63.08
49.09 578 9.59
49.05 579 35.56
48.99 580 41.54
49.05 581 15.01
48.97 582 44.66
48.84 583 54.48
48.94 584 5.69
48.96 585 20.19
48.88 586 42.03
48.86 587 27.24
48.92 588 10.10
48.88 589 31.55
48.83 590 31.14
48.83 591 20.88
48.81 592 23.28
48.71 593 40.61
48.77 594 7.94
48.69 595 34.42
48.78 596 0.00
48.71 597 32.64
48.64 598 32.48
48.66 599 14.27
48.64 600 19.82
48.71 601 1.05
48.64 602 29.02
48.61 603 20.66
48.57 604 21.75
48.59 605 9.80
48.53 606 23.56
48.55 607 8.48
48.51 608 18.96
48.50 609 11.94
48.48 610 14.45
48.45 611 13.84
48.48 612 3.38
48.43 613 17.07
48.32 614 29.83
48.39 615 0.00
48.30 616 32.92
48.38 617 0.00
48.30 618 34.40
48.30 619 16.39
48.26 620 23.76
48.21 621 24.97
48.27 622 1.65
48.19 623 31.38
48.25 624 0.24
48.20 625 21.76
48.19 626 14.85
48.19 627 10.91
48.20 628 6.80
48.18 629 14.03
48.12 630 21.66
48.02 631 28.04
48.05 632 1.93
48.08 633 2.45
48.07 634 7.97
47.98 635 25.29
48.08 636 0.00
47.94 637 49.05
47.94 638 20.13
47.91 639 24.26
48.01 640 0.00
47.95 641 29.44
47.91 642 25.91
47.90 643 20.59
47.84 644 28.17
47.88 645 9.88
48.00 646 0.00
48.00 647 24.20
47.95 648 33.25
47.91 649 31.29
47.95 650 14.47
47.88 651 37.91
47.88 652 21.49
47.80 653 37.12
47.88 654 4.30
47.83 655 28.99
47.83 656 18.83
47.82 657 19.69
47.84 658 12.42
47.77 659 31.09
47.78 660 14.61
47.73 661 25.25
47.80 662 1.97
47.80 663 13.69
47.68 664 37.53
47.80 665 0.00
47.73 666 40.63
47.73 667 22.59
47.68 668 34.87
47.70 669 18.24
47.66 670 32.01
47.65 671 23.51
47.70 672 11.33
47.70 673 19.94
47.73 674 12.60
47.57 675 50.91
47.54 676 25.47
47.57 677 11.90
47.56 678 19.03
47.52 679 26.56
47.52 680 16.44
47.52 681 14.04
47.63 682 0.00
47.56 683 35.88
47.52 684 29.27
47.59 685 7.58
47.43 686 52.15
47.52 687 0.46
47.50 688 23.38
47.49 689 19.58
47.47 690 22.19
47.45 691 20.04
47.50 692 6.32
47.47 693 21.51
47.49 694 9.59
47.49 695 13.53
47.43 696 25.91
47.45 697 9.39
47.40 698 21.62
47.49 699 0.00
47.45 700 27.85
47.43 701 21.01
47.45 702 12.22
47.42 703 22.73
47.42 704 15.74
47.42 705 14.99
47.36 706 27.38
47.37 707 12.51
47.38 708 10.05
47.31 709 27.21
47.36 710 2.57
47.40 711 3.00
47.36 712 18.28
47.32 713 17.94
47.29 714 15.96
47.27 715 13.90
47.34 716 0.00
47.22 717 41.15
47.27 718 3.94
47.25 719 19.08
47.27 720 10.38
47.34 721 0.00
47.25 722 34.59
47.32 723 0.34
47.22 724 35.01
47.22 725 13.97
47.23 726 11.61
47.16 727 27.22
47.16 728 12.45
47.24 729 0.00
47.27 730 9.90
47.23 731 25.27
47.23 732 15.17
47.12 733 37.43
47.24 734 0.00
47.22 735 29.20
47.18 736 32.00
47.20 737 20.18
47.20 738 20.95
47.16 739 30.00
47.16 740 23.11
47.13 741 25.76
47.18 742 10.51
47.16 743 24.09
47.16 744 17.04
47.16 745 17.89
47.04 746 43.44
47.20 747 0.00
47.20 748 33.73
47.16 749 38.02
47.13 750 37.62
47.16 751 25.73
47.14 752 32.98
47.12 753 34.07
47.12 754 28.67
47.12 755 27.96
47.09 756 33.81
47.16 757 10.44
47.09 758 41.76
47.11 759 20.50
47.09 760 29.40
47.07 761 27.29
47.07 762 23.46
47.09 763 17.83
47.09 764 21.81
46.94 765 53.93
47.09 766 0.00
47.06 767 33.90
47.07 768 26.87
47.04 769 34.29
47.02 770 32.26
47.07 771 15.38
47.00 772 40.38
47.11 773 2.64
47.12 774 22.16
47.04 775 39.43
47.04 776 23.10
47.04 777 22.40
47.06 778 16.77
47.07 779 19.11
47.06 780 21.60
47.09 781 12.77
47.06 782 24.88
47.07 783 16.28
46.96 784 40.11
46.99 785 10.98
47.04 786 6.68
47.07 787 8.79
47.02 788 24.18
47.02 789 14.10
47.06 790 5.19
46.93 791 40.20
46.93 792 12.94
47.04 793 0.00
46.95 794 39.23
47.00 795 11.50
46.96 796 28.38
46.94 797 24.79
46.91 798 25.98
46.96 799 7.55
46.91 800 29.28
46.96 801 6.16
46.95 802 18.04
46.99 803 7.58
46.98 804 17.97
46.91 805 28.92
46.91 806 12.53
46.95 807 5.19
46.93 808 17.24
46.87 809 24.99
46.87 810 11.80
46.82 811 20.96
46.95 812 0.00
46.96 813 24.23
46.86 814 46.43
46.84 815 30.36
46.91 816 10.21
46.94 817 17.02
46.91 818 29.14
46.84 819 36.97
46.91 820 5.81
46.82 821 40.44
46.87 822 11.16
46.94 823 5.08
46.91 824 25.01
46.80 825 41.05
46.76 826 26.70
46.80 827 10.01
46.81 828 13.86
46.82 829 14.66
46.79 830 22.11
46.80 831 13.54
46.82 832 9.50
46.76 833 26.63
46.80 834 5.25
46.88 835 0.00
46.74 836 46.04
46.76 837 13.96
46.80 838 8.20
46.81 839 12.05
46.76 840 25.99
46.81 841 2.89
46.71 842 34.48
46.74 843 6.93
46.74 844 12.51
46.73 845 13.47
46.80 846 0.00
46.76 847 20.03
46.76 848 11.54
46.80 849 2.66
46.74 850 21.28
46.80 851 0.00
46.70 852 31.60
46.76 853 0.00
46.69 854 26.60
46.71 855 6.94
46.74 856 4.39
46.73 857 11.61
46.73 858 9.37
46.69 859 18.55
46.66 860 15.07
46.74 861 0.00
46.69 862 28.00
46.69 863 16.40
46.71 864 10.80
46.61 865 36.16
46.70 866 0.00
46.58 867 41.14
46.58 868 17.04
46.59 869 14.74
46.67 870 0.00
46.55 871 41.14
46.65 872 0.00
46.66 873 16.44
46.61 874 27.19
46.63 875 13.87
46.60 876 21.26
46.61 877 14.27
46.56 878 25.02
46.60 879 6.78
46.53 880 28.70
46.59 881 2.50
46.58 882 14.42
46.48 883 31.90
46.54 884 1.01
46.53 885 12.93
46.58 886 0.87
46.52 887 22.72
46.59 888 0.00
46.53 889 24.89
46.54 890 11.66
46.54 891 12.57
46.61 892 0.00
46.56 893 23.25
46.52 894 23.07
46.54 895 8.12
46.48 896 23.64
46.53 897 2.21
46.52 898 14.21
46.55 899 2.23
46.48 900 24.16
46.49 901 7.80
46.48 902 10.36
46.54 903 0.00
46.49 904 20.13
46.48 905 11.75
46.45 906 17.75
46.42 907 14.21
46.41 908 12.17
46.47 909 0.00
46.45 910 16.78
46.42 911 16.37
46.45 912 6.12
46.53 913 0.00
46.49 914 24.74
46.51 915 13.00
46.43 916 31.89
46.40 917 22.18
46.46 918 2.16
46.33 919 41.92
46.36 920 8.16
46.35 921 15.41
46.34 922 16.50
46.38 923 4.53
46.35 924 16.63
46.35 925 11.31
46.41 926 0.00
46.38 927 15.22
46.33 928 21.39
46.35 929 4.89
46.31 930 17.15
46.35 931 0.50
46.35 932 7.68
46.35 933 7.04
46.41 934 0.00
46.29 935 34.92
46.34 936 1.00
46.30 937 16.31
46.28 938 14.35
46.33 939 0.00
46.30 940 13.67
46.34 941 1.78
46.27 942 22.17
46.33 943 0.00
46.28 944 21.72
46.31 945 5.15
46.31 946 10.77
46.34 947 5.21
46.38 948 1.06
46.31 949 21.36
46.17 950 37.78
46.17 951 9.04
46.31 952 0.00
46.17 953 57.04
46.33 954 0.00
46.20 955 56.88
46.30 956 9.92
46.27 957 37.81
46.18 958 47.43
46.30 959 3.36
46.20 960 49.07
46.20 961 29.77
46.27 962 12.82
46.22 963 36.10
46.30 964 8.05
46.29 965 27.89
46.28 966 25.78
46.27 967 26.87
46.26 968 24.76
46.29 969 16.01
46.22 970 36.40
46.24 971 16.79
46.22 972 25.78
46.22 973 20.47
46.31 974 0.15
46.26 975 29.76
46.18 976 34.61
46.26 977 1.95
46.20 978 28.44
46.20 979 18.53
46.28 980 0.00
46.28 981 16.56
46.22 982 29.06
46.24 983 11.02
46.20 984 24.93
46.18 985 18.22
46.29 986 0.00
46.29 987 21.25
46.20 988 38.67
46.20 989 20.86
46.26 990 8.75
46.24 991 22.35
46.18 992 31.73
46.24 993 5.48
46.20 994 25.56
46.23 995 12.21
46.18 996 26.12
46.22 997 7.92
46.35 998 0.00
46.11 999 76.81
46.18 1000 12.99
46.20 1001 21.51
46.18 1002 30.50
46.17 1003 26.84
46.18 1004 23.02
46.20 1005 19.04
46.20 1006 24.75
46.30 1007 0.00
46.26 1008 31.09
46.23 1009 27.66
46.17 1010 32.28
46.20 1011 15.80
46.20 1012 18.22
46.17 1013 25.73
46.24 1014 4.09
46.17 1015 32.30
46.20 1016 11.06
46.20 1017 16.69
46.18 1018 20.99
46.15 1019 22.25
46.18 1020 8.82
46.23 1021 4.60
46.13 1022 34.69
46.13 1023 13.77
46.18 1024 1.67
46.16 1025 16.91
46.20 1026 1.76
46.16 1027 20.36
46.06 1028 30.07
46.16 1029 0.00
46.15 1030 19.78
46.13 1031 20.88
46.16 1032 12.22
46.18 1033 11.37
46.06 1034 40.06
46.17 1035 0.00
46.13 1036 29.46
46.16 1037 16.11
46.15 1038 21.83
46.04 1039 42.63
46.10 1040 7.02
46.09 1041 22.19
46.15 1042 5.33
46.09 1043 30.34
46.11 1044 12.31
46.13 1045 11.46
46.18 1046 5.69
46.15 1047 21.01
46.02 1048 42.05
46.04 1049 9.96
46.15 1050 0.00
46.05 1051 40.96
46.09 1052 15.04
46.13 1053 12.47
46.18 1054 8.18
46.11 1055 33.27
46.02 1056 38.30
46.10 1057 0.89
46.09 1058 20.75
46.04 1059 26.86
46.04 1060 16.89
46.09 1061 6.43
46.11 1062 10.27
46.09 1063 19.28
46.04 1064 23.83
46.00 1065 22.06
45.95 1066 23.49
46.08 1067 0.00
45.99 1068 42.45
46.08 1069 6.61
46.02 1070 34.68
46.11 1071 5.08
46.05 1072 33.15
45.99 1073 34.73
46.02 1074 16.71
46.02 1075 20.80
46.08 1076 7.06
45.98 1077 40.29
46.08 1078 0.00
46.04 1079 27.91
46.02 1080 24.42
45.97 1081 28.98
46.02 1082 9.16
46.04 1083 13.01
46.00 1084 25.30
45.98 1085 21.81
45.97 1086 18.17
45.99 1087 11.08
46.00 1088 13.53
45.93 1089 29.26
46.02 1090 0.00
45.98 1091 24.79
45.99 1092 13.10
46.06 1093 0.85
46.00 1094 27.44
46.02 1095 11.06
45.99 1096 18.51
45.88 1097 36.20
45.95 1098 0.60
46.00 1099 1.02
45.95 1100 22.85
45.95 1101 9.67
45.98 1102 5.72
45.92 1103 21.30
45.95 1104 3.20
45.95 1105 8.86
45.95 1106 8.26
45.98 1107 2.74
45.93 1108 16.68
45.97 1109 0.00
45.88 1110 26.91
45.92 1111 0.00
45.95 1112 3.86
45.91 1113 16.16
45.88 1114 12.68
45.91 1115 2.48
45.91 1116 6.58
45.92 1117 2.70
45.85 1118 20.01
45.85 1119 5.36
45.88 1120 0.00
45.90 1121 2.38
45.85 1122 14.76
45.85 1123 4.80
45.85 1124 4.22
45.85 1125 3.63
45.81 1126 11.25
45.77 1127 11.07
45.90 1128 0.00
45.90 1129 24.41
45.80 1130 43.52
45.80 1131 24.19
45.85 1132 13.76
45.88 1133 17.62
45.81 1134 34.85
45.80 1135 23.41
45.81 1136 19.63
45.81 1137 20.61
45.84 1138 15.11
45.84 1139 19.21
45.81 1140 23.55
45.84 1141 13.36
45.82 1142 20.74
45.81 1143 18.68
45.73 1144 32.95
45.77 1145 8.54
45.84 1146 2.65
45.77 1147 27.70
45.77 1148 14.62
45.80 1149 7.47
45.82 1150 9.86
45.69 1151 40.31
45.77 1152 0.00
45.77 1153 16.61
45.70 1154 32.45
45.78 1155 0.00
45.76 1156 21.53
45.74 1157 19.55
45.70 1158 25.70
45.77 1159 0.00
45.80 1160 10.12
45.73 1161 27.36
45.81 1162 0.00
45.80 1163 16.69
45.86 1164 3.05
45.74 1165 38.03
45.67 1166 28.79
45.76 1167 0.00
45.74 1168 19.89
45.70 1169 26.04
45.71 1170 12.82
45.70 1171 18.65
45.70 1172 14.96
45.71 1173 11.11
45.72 1174 12.02
45.70 1175 17.93
45.66 1176 19.24
45.60 1177 25.56
45.66 1178 0.00
45.60 1179 25.06
45.64 1180 3.80
45.64 1181 11.05
45.67 1182 3.92
45.69 1183 6.32
45.66 1184 13.80
45.71 1185 0.00
45.65 1186 21.94
45.71 1187 0.00
45.62 1188 31.63
45.66 1189 2.47
45.57 1190 30.97
45.66 1191 0.00
45.65 1192 21.47
45.64 1193 19.42
45.62 1194 22.22
45.64 1195 12.04
45.53 1196 39.15
45.60 1197 1.94
45.54 1198 28.58
45.62 1199 0.00
45.60 1200 18.35
45.67 1201 0.00
45.62 1202 24.99
45.58 1203 21.69
45.58 1204 13.32
45.66 1205 0.00
45.58 1206 34.68
45.60 1207 12.01
45.52 1208 34.19
45.57 1209 4.96
45.62 1210 5.49
45.63 1211 12.66
45.57 1212 25.15
45.57 1213 13.66
45.54 1214 19.67
45.48 1215 24.35
45.58 1216 0.00
45.58 1217 18.19
45.58 1218 17.63
45.59 1219 13.79
45.55 1220 24.57
45.59 1221 7.99
45.53 1222 28.38
45.64 1223 0.00
45.58 1224 34.44
45.58 1225 21.38
45.59 1226 17.54
45.55 1227 28.32
45.53 1228 24.87
45.54 1229 17.99
45.48 1230 30.49
45.48 1231 19.00
45.42 1232 31.59
45.48 1233 5.41
45.60 1234 0.00
45.55 1235 32.73
45.53 1236 27.72
45.53 1237 22.48
45.49 1238 30.13
45.57 1239 5.36
45.53 1240 28.63
45.58 1241 10.42
45.55 1242 24.16
45.51 1243 28.76
45.48 1244 23.76
45.51 1245 13.60
45.53 1246 12.82
45.54 1247 15.31
45.53 1248 17.96
45.54 1249 14.20
45.53 1250 16.85
45.52 1251 18.02
45.52 1252 14.34
28.76 1253 255.00
24.84 1254 255.00
24.69 1255 182.81
24.75 1256 141.52
24.71 1257 163.76
24.70 1258 159.11
24.71 1259 157.44
24.77 1260 147.40
24.73 1261 171.27
24.79 1262 150.29
24.84 1263 154.47
24.86 1264 160.43
24.79 1265 181.41
24.87 1266 150.81
24.86 1267 172.79
24.83 1268 177.75
24.95 1269 146.75
24.73 1270 220.86
24.79 1271 163.94
24.80 1272 176.32
24.83 1273 172.84
25.20 1274 103.46
24.91 1275 239.11
25.70 1276 15.38
26.27 1277 58.01
26.39 1278 145.62
25.84 1279 255.00
25.77 1280 158.61
25.81 1281 139.33
25.80 1282 151.84
25.87 1283 133.72
26.63 1284 0.00
25.50 1285 255.00
25.24 1286 199.14
25.19 1287 160.54
25.56 1288 72.30
25.66 1289 127.41
25.69 1290 144.23
25.32 1291 227.49
25.45 1292 127.62
25.79 1293 85.06
25.57 1294 199.62
25.90 1295 88.38
25.99 1296 135.72
25.77 1297 203.47
25.50 1298 215.39
25.20 1299 227.73
25.22 1300 163.34
25.30 1301 153.10
25.21 1302 188.25
25.33 1303 147.92
25.21 1304 197.44
27.83 1305 0.00
33.48 1306 0.00
27.02 1307 255.00
25.84 1308 255.00
25.38 1309 236.80
25.44 1310 136.14
25.39 1311 158.39
39.62 1312 0.00
44.89 1313 0.00
25.70 1314 255.00
25.69 1315 146.25
25.57 1316 169.18
25.24 1317 216.12
25.04 1318 194.65
25.04 1319 155.52
25.16 1320 132.40
24.99 1321 191.79
25.12 1322 132.57
29.74 1323 0.00
25.86 1324 255.00
25.83 1325 147.97
26.25 1326 54.50
25.91 1327 212.47
26.05 1328 113.94
25.66 1329 228.74
25.62 1330 157.05
25.66 1331 144.03
25.70 1332 145.07
25.73 1333 149.39
26.34 1334 25.83
27.59 1335 0.00
46.84 1336 0.00
43.44 1337 255.00
49.13 1338 0.00
49.19 1339 150.63
49.22 1340 155.64
46.53 1341 255.00
25.41 1342 255.00
25.06 1343 218.13
24.81 1344 203.39
24.83 1345 151.63
24.86 1346 149.71
25.05 1347 118.08
26.59 1348 0.00
25.57 1349 255.00
25.20 1350 223.05
35.86 1351 0.00
24.80 1352 255.00
25.24 1353 58.52
40.69 1354 0.00
26.44 1355 255.00
25.88 1356 252.11
25.62 1357 196.75
25.32 1358 210.64
25.23 1359 169.23
25.22 1360 156.80
25.17 1361 165.00
25.22 1362 147.26
25.26 1363 149.90
25.27 1364 155.91
25.27 1365 160.51
25.22 1366 173.47
25.21 1367 165.65
25.24 1368 159.00
25.30 1369 155.24
25.22 1370 184.06
25.27 1371 158.42
25.26 1372 174.12
25.23 1373 177.39
25.19 1374 184.03
25.24 1375 164.64
25.26 1376 173.77
25.26 1377 178.37
25.23 1378 184.77
25.17 1379 194.69
25.27 1380 162.34
25.24 1381 190.69
25.23 1382 187.55
25.26 1383 182.54
25.37 1384 165.73
25.20 1385 225.17
25.23 1386 184.07
25.30 1387 180.23
25.24 1388 205.69
25.22 1389 201.15
25.27 1390 186.45
25.22 1391 210.35
25.21 1392 202.54
25.26 1393 192.60
25.24 1394 206.74
25.16 1395 223.14
25.22 1396 194.31
25.23 1397 205.00
25.20 1398 217.81
25.30 1399 188.50
25.32 1400 208.56
25.24 1401 229.57
25.30 1402 203.93
25.26 1403 224.55
25.24 1404 221.49
25.26 1405 216.56
25.26 1406 221.16
25.26 1407 222.63
25.19 1408 238.88
25.22 1409 219.73
25.26 1410 219.25
25.23 1411 233.46
25.23 1412 230.25
25.26 1413 226.80
25.22 1414 241.17
25.26 1415 226.63
25.26 1416 235.92
25.22 1417 245.60
25.23 1418 235.98
25.32 1419 222.53
25.28 1420 249.39
25.26 1421 247.98
25.24 1422 248.04
25.32 1423 229.98
25.30 1424 252.00
25.34 1425 238.93
25.34 1426 249.77
25.30 1427 255.00
25.26 1428 255.00
25.28 1429 242.17
25.28 1430 248.33
25.34 1431 236.67
25.30 1432 255.00
25.27 1433 252.02
25.26 1434 252.09
25.30 1435 240.59
25.27 1436 255.00
25.26 1437 253.51
25.34 1438 233.80
25.33 1439 255.00
25.32 1440 254.98
25.34 1441 249.96
25.34 1442 255.00
25.35 1443 254.82
25.43 1444 241.44
25.39 1445 255.00
26.08 1446 104.20
25.86 1447 255.00
25.69 1448 248.77
25.71 1449 210.91
25.66 1450 226.87
25.66 1451 220.57
25.70 1452 210.60
25.69 1453 224.68
25.66 1454 229.55
25.69 1455 218.17
25.68 1456 227.50
25.66 1457 232.29
25.69 1458 222.47
25.61 1459 246.57
25.66 1460 222.53
25.63 1461 238.27
27.23 1462 0.00
27.21 1463 255.00
27.27 1464 238.46
27.15 1465 255.00
27.19 1466 223.08
27.16 1467 237.10
27.19 1468 228.77
27.16 1469 239.66
27.21 1470 226.41
27.84 1471 105.75
42.34 1472 0.00
41.30 1473 255.00
24.86 1474 255.00
24.91 1475 139.92
25.17 1476 98.20
24.94 1477 200.49
24.94 1478 155.12
24.93 1479 158.27
24.91 1480 161.50
24.81 1481 181.22
24.52 1482 223.16
24.79 1483 111.08
25.17 1484 85.30
24.77 1485 248.70
38.15 1486 0.00
55.49 1487 0.00
26.03 1488 255.00
55.56 1489 0.00
55.52 1490 107.58
27.45 1491 255.00
55.47 1492 0.00
55.52 1493 88.83
50.89 1494 255.00
54.82 1495 0.00
40.84 1496 255.00
55.56 1497 0.00
26.05 1498 255.00
25.83 1499 187.03
25.69 1500 172.68
25.49 1501 187.02
24.36 1502 255.00
25.30 1503 0.00
25.28 1504 192.25
25.24 1505 198.81
39.55 1506 0.00
55.58 1507 0.00
55.58 1508 99.22
55.54 1509 105.87
55.45 1510 116.20
55.58 1511 68.00
55.55 1512 99.57
55.52 1513 98.33
55.50 1514 93.81
55.54 1515 80.93
55.55 1516 85.55
55.52 1517 92.12
55.45 1518 99.09
55.45 1519 83.49
55.43 1520 85.22
55.45 1521 75.63
55.45 1522 80.41
55.41 1523 85.51
55.42 1524 72.88
55.38 1525 82.67
55.35 1526 79.88
55.31 1527 80.31
55.32 1528 69.32
55.31 1529 70.99
55.34 1530 62.97
55.27 1531 79.26
55.27 1532 66.87
55.25 1533 67.07
55.25 1534 62.42
55.15 1535 82.23
55.18 1536 53.84
55.20 1537 55.29
55.20 1538 56.89
55.20 1539 55.37
55.13 1540 68.63
55.10 1541 57.98
55.05 1542 63.27
55.10 1543 39.34
55.11 1544 47.12
55.00 1545 70.15
54.97 1546 53.34
55.02 1547 35.75
54.93 1548 61.68
54.92 1549 44.64
54.88 1550 49.79
54.92 1551 32.28
54.91 1552 41.89
54.90 1553 38.91
54.84 1554 47.35
54.91 1555 21.80
54.79 1556 57.43
54.82 1557 25.94
54.75 1558 45.48
54.75 1559 29.95
54.79 1560 20.26
54.70 1561 44.65
54.67 1562 32.56
54.67 1563 24.84
54.63 1564 31.58
54.57 1565 35.44
54.57 1566 21.48
54.52 1567 31.52
54.54 1568 14.20
54.48 1569 30.57
54.50 1570 11.70
54.42 1571 31.35
54.43 1572 12.64
54.45 1573 9.47
54.38 1574 24.29
54.37 1575 13.63
54.32 1576 18.92
54.30 1577 11.39
54.34 1578 0.27
54.30 1579 11.65
54.23 1580 18.75
54.18 1581 14.75
54.25 1582 0.00
54.09 1583 45.47
54.09 1584 12.81
54.13 1585 4.83
54.10 1586 14.59
54.02 1587 24.91
54.05 1588 1.32
54.01 1589 16.01
53.94 1590 20.01
53.93 1591 6.19
53.98 1592 0.00
53.96 1593 14.46
53.78 1594 46.13
53.78 1595 8.82
53.82 1596 0.00
53.73 1597 26.13
53.85 1598 0.00
53.76 1599 43.31
53.80 1600 13.34
53.71 1601 41.03
53.68 1602 27.47
53.66 1603 23.14
53.63 1604 26.85
53.59 1605 24.24
53.65 1606 5.15
53.60 1607 24.57
53.57 1608 20.40
53.55 1609 17.71
53.60 1610 0.18
53.60 1611 9.76
53.59 1612 10.04
53.52 1613 21.89
53.52 1614 6.48
53.52 1615 5.12
53.46 1616 16.90
53.50 1617 0.00
53.37 1618 34.37
53.41 1619 0.00
53.40 1620 11.32
53.37 1621 13.42
53.35 1622 9.11
53.41 1623 0.00
53.37 1624 21.01
53.33 1625 18.50
53.32 1626 11.00
53.32 1627 8.10
53.35 1628 0.21
53.30 1629 14.97
53.30 1630 5.91
53.25 1631 12.86
53.23 1632 5.44
53.20 1633 9.20
53.15 1634 9.92
53.15 1635 0.00
53.13 1636 3.61
53.06 1637 10.74
53.15 1638 0.00
53.10 1639 25.72
53.06 1640 23.24
53.09 1641 9.20
53.10 1642 9.30
53.03 1643 25.88
53.08 1644 0.67
53.01 1645 23.51
53.02 1646 6.50
52.99 1647 11.69
52.91 1648 23.76
52.95 1649 0.00
52.95 1650 6.52
52.91 1651 13.43
52.90 1652 5.97
52.93 1653 0.00
52.95 1654 1.67
52.95 1655 3.50
52.86 1656 20.27
52.91 1657 0.00
52.84 1658 22.86
52.86 1659 2.59
52.81 1660 15.84
52.88 1661 0.00
52.81 1662 24.34
52.81 1663 10.56
52.80 1664 10.92
52.73 1665 24.49
52.70 1666 12.52
52.70 1667 6.56
52.74 1668 0.00
52.77 1669 1.61
52.70 1670 18.16
52.67 1671 10.95
52.68 1672 1.79
52.74 1673 0.00
52.68 1674 24.36
52.70 1675 7.31
52.61 1676 27.22
52.68 1677 0.00
52.63 1678 22.64
52.56 1679 26.78
52.63 1680 0.00
52.65 1681 6.31
52.54 1682 32.72
52.55 1683 6.30
52.58 1684 3.25
52.60 1685 1.75
52.61 1686 3.54
52.52 1687 23.54
52.49 1688 8.46
52.56 1689 0.00
52.52 1690 22.65
52.59 1691 0.00
52.55 1692 19.37
52.54 1693 15.15
52.53 1694 12.41
52.52 1695 12.88
52.43 1696 26.56
52.48 1697 0.00
52.45 1698 14.69
52.52 1699 0.00
52.50 1700 16.09
52.52 1701 8.44
52.55 1702 2.10
52.45 1703 31.64
52.47 1704 3.60
52.41 1705 20.17
52.43 1706 1.50
52.45 1707 0.02
52.47 1708 0.18
52.36 1709 25.04
52.41 1710 0.00
52.42 1711 4.85
52.42 1712 6.73
52.38 1713 13.70
52.35 1714 11.21
52.38 1715 0.00
52.31 1716 16.58
52.31 1717 2.85
52.31 1718 1.62
52.40 1719 0.00
52.42 1720 11.02
52.30 1721 40.73
52.34 1722 6.29
52.34 1723 12.87
52.31 1724 16.56
52.38 1725 0.00
52.34 1726 19.47
52.27 1727 23.55
52.36 1728 0.00
52.27 1729 34.01
52.30 1730 10.67
52.22 1731 30.54
52.27 1732 2.20
52.22 1733 23.40
52.18 1734 19.45
52.24 1735 0.00
52.18 1736 24.41
52.20 1737 5.76
52.20 1738 9.23
52.22 1739 4.73
52.24 1740 1.71
52.15 1741 24.87
52.25 1742 0.00
52.22 1743 25.65
52.10 1744 42.80
52.18 1745 1.74
52.18 1746 16.15
52.13 1747 26.42
52.22 1748 0.00
52.11 1749 40.51
52.15 1750 9.21
52.15 1751 15.81
52.16 1752 12.96
52.17 1753 10.02
52.11 1754 25.06
52.10 1755 12.99
52.13 1756 3.65
52.15 1757 5.41
52.10 1758 17.16
52.06 1759 14.79
52.06 1760 5.77
52.07 1761 2.92
52.09 1762 0.00
51.95 1763 29.82
52.04 1764 0.00
52.07 1765 9.42
52.05 1766 19.39
52.02 1767 18.42
52.09 1768 0.00
51.97 1769 35.91
52.05 1770 0.00
51.97 1771 30.83
51.97 1772 14.01
51.91 1773 24.31
51.93 1774 8.89
51.95 1775 7.54
51.95 1776 7.83
52.06 1777 0.00
51.93 1778 48.57
51.99 1779 7.69
51.89 1780 40.33
51.85 1781 27.03
51.95 1782 0.00
51.98 1783 10.99
51.91 1784 29.17
51.97 1785 3.99
