26.87
26.84
26.84
26.79
26.85
26.81
26.76
26.83
26.8
26.9
26.85
26.84
26.9
26.85
26.83
26.8
26.94
26.87
26.8
26.77
26.83
26.87
26.8
26.87
26.81
26.81
26.85
26.8
26.76
26.8
26.83
26.89
26.84
26.8
26.84
26.84
26.87
26.8
26.9
26.83
26.85
26.9
26.9
26.9
26.96
27.06
27.12
27.21
27.3
27.42
27.48
27.62
27.7
27.83
27.9
28.13
28.2
28.25
28.43
28.55
28.71
28.81
28.89
28.97
29.1
29.21
29.32
29.43
29.45
29.56
29.73
29.78
29.9
29.96
30.03
30.14
30.22
30.33
30.51
30.5
30.57
30.66
30.71
30.8
30.84
30.93
31.08
31.13
31.17
31.28
31.35
31.36
31.48
31.57
31.62
31.7
31.76
31.8
31.83
31.91
32.02
32.14
32.11
32.22
32.27
32.38
32.34
32.45
32.58
32.6
32.66
32.7
32.8
32.81
32.84
32.94
33.02
33.05
33.07
33.17
33.28
33.25
33.28
33.42
33.37
33.48
33.48
33.57
33.66
33.7
33.7
33.93
33.89
33.96
34.02
34.05
34.07
34.14
34.24
34.31
34.34
34.42
34.38
34.48
34.48
34.63
34.63
34.68
34.78
34.8
34.81
34.88
34.95
34.92
35.01
35.13
35.15
35.19
35.16
35.22
35.34
35.35
35.46
35.53
35.53
35.66
35.63
35.7
35.71
35.8
35.77
35.86
35.96
36.0
36.06
36.04
36.12
36.18
36.23
36.3
36.32
36.41
36.41
36.52
36.45
36.61
36.61
36.65
36.74
36.77
36.84
36.84
36.91
36.98
36.99
36.97
37.05
37.18
37.2
37.23
37.34
37.27
37.38
37.41
37.45
37.54
37.51
37.58
37.59
37.76
37.73
37.76
37.79
37.88
37.95
37.94
38.04
37.98
38.14
38.17
38.22
38.23
38.27
38.34
38.42
38.44
38.44
38.53
38.58
38.62
38.7
38.72
38.74
38.76
38.9
38.89
38.95
38.94
39.05
39.08
39.12
39.17
39.24
39.34
39.3
39.35
39.39
39.41
39.4
39.48
39.66
39.63
39.69
39.7
39.76
39.84
39.91
39.94
39.99
40.03
40.05
40.12
40.14
40.15
40.17
40.23
40.3
40.41
40.34
40.5
40.56
40.5
40.62
40.59
40.63
40.66
40.72
40.8
40.87
40.88
40.96
41.01
40.96
41.05
41.12
41.23
41.28
41.26
41.34
41.31
41.31
41.44
41.51
41.57
41.51
41.58
41.69
41.66
41.67
41.82
41.76
41.84
41.84
41.91
41.91
42.0
42.0
42.05
42.05
42.11
42.16
42.25
42.29
42.33
42.35
42.37
42.46
42.4
42.55
42.59
42.63
42.59
42.66
42.76
42.77
42.91
42.91
42.98
42.96
43.05
43.07
43.09
43.16
43.22
43.33
43.39
43.33
43.4
43.45
43.48
43.52
43.51
43.6
43.66
43.73
43.75
43.78
43.86
43.8
43.93
43.96
44.0
44.1
44.04
44.1
44.17
44.21
44.29
44.33
44.28
44.37
44.46
44.46
44.59
44.5
44.59
44.59
44.67
44.73
44.85
44.83
44.82
44.88
44.95
44.98
45.02
45.05
45.11
45.04
45.13
45.06
45.09
45.03
45.02
44.87
44.87
44.8
44.69
44.62
44.52
44.52
44.41
44.3
44.16
44.14
44.05
43.96
43.89
43.87
43.75
43.73
43.65
43.55
43.45
43.42
43.38
43.23
43.26
43.22
43.17
43.11
43.09
43.02
42.94
42.91
42.84
42.8
42.82
42.78
42.73
42.71
42.68
42.59
42.57
42.53
42.48
42.46
42.44
42.35
42.41
42.25
42.3
42.3
42.29
42.23
42.27
42.21
42.27
42.07
42.13
42.11
42.13
42.06
42.13
42.01
42.05
42.03
42.02
41.98
42.05
41.89
41.95
41.93
41.93
41.83
41.85
41.85
41.91
41.78
41.83
41.83
41.8
41.8
41.77
41.71
41.71
41.73
41.63
41.76
41.7
41.6
41.69
41.59
41.55
41.53
41.58
41.65
41.57
41.59
41.64
41.57
41.63
41.55
41.55
41.51
41.51
41.55
41.51
41.44
41.47
41.48
41.47
41.43
41.38
41.44
41.48
41.38
41.43
41.45
41.38
41.41
41.38
41.38
41.37
41.28
41.36
41.36
41.31
41.34
41.3
41.32
41.3
41.31
41.27
41.3
41.32
41.25
41.23
41.3
41.3
41.27
41.25
41.25
41.19
41.13
41.21
41.23
41.23
41.18
41.21
41.16
41.21
41.14
41.18
41.27
41.19
41.16
41.18
41.18
41.12
41.14
41.2
41.18
41.05
41.1
41.08
41.12
41.08
41.1
41.07
41.09
41.09
41.09
41.08
41.08
41.05
41.12
41.12
41.03
41.07
41.07
41.07
41.05
41.1
41.1
41.1
41.05
41.05
41.09
41.01
41.07
41.05
41.05
41.03
41.05
41.03
41.07
41.1
41.05
41.05
41.08
41.05
41.05
41.05
41.05
41.01
40.98
41.03
41.01
41.01
41.01
41.01
41.0
40.95
41.03
41.05
40.95
41.01
40.98
41.01
40.91
41.01
41.05
40.98
40.98
41.02
41.0
41.02
41.1
41.09
40.98
40.98
40.98
41.05
40.98
41.05
40.98
41.05
41.0
41.05
41.07
41.03
40.98
41.02
41.07
41.01
40.98
40.98
41.01
40.98
40.98
41.0
41.05
41.05
40.98
41.02
41.0
41.07
41.01
41.05
41.07
41.07
41.09
41.05
41.07
41.05
41.05
41.07
40.95
41.09
40.98
41.03
41.03
41.1
41.05
41.07
41.0
41.01
40.98
41.01
41.05
41.05
41.09
41.09
41.12
41.03
41.01
40.98
41.1
41.09
41.08
41.13
41.09
41.1
41.09
41.05
41.12
41.03
41.05
41.16
41.08
41.1
41.13
41.07
41.09
41.12
41.13
41.1
41.09
41.19
41.13
41.03
41.1
41.18
41.12
41.19
41.12
41.14
41.18
41.14
41.2
41.2
41.2
41.14
41.25
41.12
41.14
41.18
41.13
41.14
41.13
41.12
41.14
41.12
41.19
41.13
41.16
41.16
41.2
41.23
41.21
41.16
41.2
41.2
41.2
41.3
41.13
41.23
41.25
41.19
41.26
41.3
41.23
41.23
41.28
41.26
41.23
41.27
41.31
41.34
41.23
41.27
41.27
41.34
41.25
41.3
41.31
41.3
41.3
41.38
41.34
41.34
41.34
41.34
41.34
41.31
41.39
41.41
41.38
41.43
41.46
41.39
41.38
41.39
41.44
41.41
41.39
41.43
41.43
41.43
41.45
41.45
41.43
41.44
41.44
41.5
41.43
41.43
41.46
41.47
41.47
41.5
41.53
41.51
41.5
41.46
41.47
41.5
41.5
41.58
41.5
41.5
41.59
41.53
41.55
41.53
41.63
41.55
41.53
41.53
41.57
41.58
41.52
41.57
41.59
41.57
41.59
41.57
41.71
41.59
41.59
41.58
41.65
41.63
41.6
41.62
41.66
41.6
41.65
41.71
41.65
41.71
41.77
41.73
41.69
41.66
41.66
41.73
41.66
41.7
41.7
41.76
41.75
41.8
41.71
41.71
41.8
41.76
41.71
41.71
41.76
41.76
41.73
41.8
41.76
41.83
41.73
41.78
41.78
41.8
41.77
41.82
41.8
41.77
41.77
41.89
41.78
41.83
41.93
41.8
41.87
41.85
41.82
41.87
41.89
41.91
41.91
41.85
41.91
41.89
41.85
41.87
41.83
41.93
41.85
41.89
41.91
41.89
41.93
41.93
41.98
41.91
41.89
41.95
41.98
41.87
41.94
41.98
41.96
41.94
41.98
41.91
41.93
41.98
42.05
42.07
42.05
42.05
41.95
42.03
42.07
42.03
42.05
41.98
42.03
42.07
42.03
42.02
42.11
42.09
42.09
42.03
42.11
42.12
42.09
42.09
42.13
42.14
42.16
42.09
42.13
42.11
42.09
42.13
42.2
42.11
42.12
42.13
42.18
42.12
42.16
42.16
42.16
42.16
42.19
42.13
42.2
42.16
42.18
42.19
42.27
42.21
42.23
42.19
42.25
42.21
42.25
42.19
42.23
42.2
42.25
42.27
42.23
42.18
42.25
42.29
42.23
42.23
42.3
42.29
42.23
42.29
42.33
42.3
42.23
42.29
42.29
42.3
42.3
42.33
42.37
42.4
42.38
42.3
42.35
42.35
42.39
42.37
42.41
42.33
42.39
42.41
42.44
42.38
42.44
42.42
42.33
42.48
42.38
42.37
42.37
42.44
42.41
42.48
42.46
42.39
42.48
42.45
42.45
42.45
42.55
42.48
42.5
42.48
42.51
42.52
42.51
42.51
42.48
42.55
42.5
42.52
42.55
42.55
42.52
42.55
42.55
42.55
42.55
42.57
42.58
42.62
42.55
42.58
42.62
42.62
42.62
42.59
42.64
42.58
42.62
42.68
42.64
42.62
42.59
42.7
42.69
42.68
42.62
42.63
42.66
42.68
42.69
42.71
42.75
42.7
42.75
42.71
42.75
42.77
42.76
42.73
42.68
42.8
42.7
42.76
42.66
42.71
42.77
42.73
42.76
42.73
42.82
42.78
42.83
42.8
42.78
42.78
42.73
42.76
42.73
42.8
42.76
42.82
42.82
42.75
42.8
42.8
42.86
42.82
42.86
42.84
42.86
42.83
42.93
42.78
42.86
42.84
42.84
42.83
42.82
42.86
42.91
42.8
42.83
42.94
42.82
42.91
42.91
42.88
42.89
42.88
42.91
42.89
42.88
43.0
43.0
42.91
42.87
42.94
42.91
42.91
42.95
42.94
42.98
42.95
42.88
42.94
42.93
42.96
42.98
42.95
42.98
42.98
42.94
42.95
43.01
43.01
42.98
42.98
43.04
42.98
43.02
42.95
43.01
43.04
42.98
43.05
42.98
43.06
43.04
43.09
43.11
43.07
42.98
43.04
43.12
42.98
43.05
43.05
43.01
43.05
43.09
43.09
43.07
43.09
43.09
43.11
43.07
43.13
43.09
43.05
43.05
43.12
43.14
43.14
43.09
43.16
43.14
43.11
43.11
43.09
43.12
43.15
43.12
43.11
43.14
43.14
43.17
43.16
43.2
43.12
43.17
43.15
43.26
43.21
43.22
43.16
43.2
43.26
43.2
43.21
43.28
43.21
43.12
43.2
43.12
43.16
43.2
43.24
43.2
43.2
43.16
43.16
43.2
43.21
43.26
43.21
43.22
43.17
43.2
43.22
43.28
43.22
43.24
43.2
43.24
43.24
43.2
43.24
43.32
43.22
43.32
43.27
43.3
43.22
43.28
43.24
43.3
43.23
43.32
43.34
43.33
43.27
43.3
43.26
43.37
43.34
43.38
43.32
43.3
43.37
43.27
43.33
43.4
43.3
43.33
43.35
43.34
43.32
43.33
43.3
43.33
43.27
43.28
43.34
43.3
43.33
43.33
43.39
43.37
43.39
43.4
43.42
43.34
43.37
43.37
43.37
43.42
43.35
43.35
43.37
43.33
43.33
43.34
43.39
43.34
43.3
43.37
43.4
43.37
43.41
43.4
43.38
43.38
43.38
43.34
43.38
43.35
43.35
43.41
43.46
43.46
43.34
43.4
43.38
43.42
43.42
43.4
43.46
43.45
43.45
43.4
43.48
43.45
43.38
43.46
43.4
43.44
43.46
43.45
43.42
43.44
43.44
43.41
43.38
43.44
43.4
43.51
43.4
43.48
43.45
43.45
43.48
43.5
43.44
43.48
43.5
43.51
43.48
43.45
43.48
43.46
43.5
43.45
43.45
43.5
43.48
43.41
43.51
43.48
43.45
43.46
43.44
43.5
43.51
43.45
43.48
43.53
43.51
43.48
43.48
43.5
43.53
43.55
43.55
43.45
43.62
43.55
43.48
43.45
43.51
43.52
43.55
43.51
43.45
43.57
43.52
43.55
43.55
43.48
43.48
43.57
43.51
43.5
43.59
43.51
43.48
43.58
43.51
43.51
43.59
43.58
43.51
43.48
43.51
43.52
43.5
43.52
43.51
43.51
43.51
43.53
43.58
43.55
43.55
43.55
43.58
43.53
43.48
43.5
43.5
43.5
43.55
43.55
43.57
43.55
43.55
43.59
43.55
43.51
43.58
43.57
43.55
43.51
43.58
43.53
43.57
43.48
43.55
43.52
43.59
43.57
43.65
43.55
43.55
43.57
43.51
43.62
43.6
43.53
43.51
43.55
43.55
43.51
43.52
43.52
43.48
43.58
43.55
43.53
43.55
43.58
43.57
43.58
43.55
43.58
43.51
43.57
43.48
43.55
43.51
43.6
43.55
43.51
43.57
43.55
43.53
43.63
43.57
43.6
43.55
43.53
43.58
43.55
43.55
43.55
43.55
43.58
43.57
43.57
43.53
43.58
43.48
43.5
43.44
43.55
43.58
43.48
43.51
43.63
43.55
43.58
43.55
43.48
43.53
43.55
43.55
43.53
43.59
43.51
43.6
43.48
43.53
43.55
43.48
43.58
43.48
43.51
43.48
43.58
43.42
43.57
43.57
43.51
43.55
43.53
43.58
43.51
43.51
43.55
43.58
43.53
43.58
43.5
43.53
43.55
43.58
43.55
43.51
43.55
43.57
43.48
43.51
43.55
43.44
43.44
43.51
43.62
43.58
43.48
43.58
43.51
43.53
43.51
43.48
43.6
43.48
43.55
43.5
43.6
43.5
43.51
43.55
43.51
43.5
43.48
43.5
43.5
43.52
43.53
43.46
43.53
43.51
43.48
43.5
43.51
43.62
43.5
43.48
43.55
43.5
43.52
43.52
43.57
43.53
43.57
43.46
43.48
43.48
43.53
43.57
43.44
43.5
43.51
43.45
43.46
43.55
43.5
43.44
43.48
43.5
43.5
43.48
43.46
43.48
43.51
43.53
43.55
43.42
43.44
43.46
43.39
43.55
43.41
43.42
43.55
43.5
43.53
43.46
43.46
43.53
43.48
43.5
43.48
43.53
43.48
43.41
43.48
43.44
43.48
43.53
43.44
43.44
43.45
43.51
43.5
43.48
43.53
43.5
43.44
43.41
43.48
43.48
43.46
43.51
43.51
43.5
43.48
43.42
43.41
43.37
43.53
43.44
43.42
43.46
43.38
43.45
43.45
43.48
43.5
43.45
43.42
43.45
43.4
43.46
